1
1.4678
2.8473
5.0063
7.53837
9.56805
9.73069
6.66415
0.237283
-6.9955
-9.90967
-4.57727
5.67039
9.70837
0.823886
-9.51113
-3.81703
9.06973
3.21042
-9.74288
1.08959
8.754
-7.87039
-0.880183
8.3142
-9.39744
5.16169
0.821822
-5.74216
8.57509
-9.5913
9.5475
-9.15516
8.87952
-8.91926
9.22731
-9.50849
9.20859
-7.58743
4.02523
1.34038
-6.86469
9.3532
-5.88547
-2.54639
9.00142
-5.66139
-5.06646
8.61023
1.91617
-8.97243
-1.94904
8.44756
5.0725
-5.34054
-8.72089
-2.70589
5.32208
8.7885
6.69318
1.70208
-3.23659
-6.58437
-8.18134
-8.56463
1.4678
1.93231
3.29576
5.40836
7.83896
9.69254
9.61367
6.30626
-0.233032
-7.32224
-9.85008
-4.15539
6.04898
9.59747
0.356717
-9.63228
-3.38193
9.24535
2.76643
-9.80448
1.54973
8.53268
-8.13804
-0.419049
8.06149
-9.51201
5.5455
0.364004
-5.36662
8.35282
-9.52385
9.6005
-9.28396
9.04091
-9.07284
9.33232
-9.52167
9.08873
-7.3117
3.61807
1.77799
-7.15841
9.33293
-5.53778
-2.96478
9.09421
-5.31119
-5.42254
8.45213
2.33484
-8.89088
-2.36401
8.2876
5.41668
-4.9955
-8.79924
-3.10154
4.983
8.75173
6.95243
2.10361
-2.85283
-6.31252
-8.04584
-8.54631
2.8473
3.29576
4.59308
6.53879
8.63357
9.93584
9.13576
5.15199
-1.63648
-8.20193
-9.54076
-2.83837
7.10071
9.13805
-1.04518
-9.86638
-2.03566
9.64749
1.40177
-9.85822
2.90524
7.75723
-8.83019
0.965624
7.19842
-9.72806
6.61951
-1.01002
-4.17208
7.57691
-9.19535
9.63122
-9.5456
9.40326
-9.41141
9.52216
-9.43434
8.60928
-6.38976
2.35225
3.06307
-7.94152
9.14809
-4.42425
-4.17658
9.25068
-4.19319
-6.41527
7.8668
3.55585
-8.52864
-3.5736
7.69893
6.3739
-3.89709
-8.91645
-4.24353
3.90259
8.52528
7.63519
3.27647
-1.66716
-5.4155
-7.5335
-8.37776
5.0063
5.40836
6.53879
8.1221
9.56805
9.89964
7.94038
3.01245
-3.88867
-9.29642
-8.60672
-0.531551
8.52881
7.9732
-3.32092
-9.818
0.284113
9.88711
-0.920473
-9.51147
5.02194
6.12997
-9.58627
3.21636
5.45076
-9.65589
8.10578
-3.24115
-2.00915
5.95687
-8.24482
9.25638
-9.55701
9.58777
-9.55617
9.41568
-8.87269
7.43463
-4.58031
0.151699
5.05614
-8.88756
8.43759
-2.38436
-5.99906
9.10093
-2.15611
-7.77597
6.54959
5.42102
-7.5517
-5.41906
6.38361
7.6776
-1.90555
-8.71646
-5.94742
1.94061
7.77338
8.42856
5.07423
0.370333
-3.6904
-6.35193
-7.72828
7.53837
7.83896
8.63357
9.56805
9.98064
8.93535
5.54933
-0.233032
-6.65319
-9.956
-6.5166
2.71688
9.72195
5.62146
-6.17053
-8.84437
3.4752
9.30653
-4.05621
-8.15233
7.49391
3.30711
-9.74975
6.04095
2.52361
-8.66424
9.41867
-6.03626
1.17614
3.15999
-6.16524
7.88183
-8.69041
8.95839
-8.87459
8.39862
-7.27447
5.11904
-1.64786
-2.91427
7.35349
-9.37901
6.67311
0.664945
-7.97275
8.05293
0.868224
-8.94514
4.118
7.50729
-5.49948
-7.47819
3.96996
8.77681
1.03247
-7.63426
-7.76141
-0.959666
6.01281
8.75065
7.09903
3.16196
-0.957085
-4.1267
-6.11393
9.56805
9.69254
9.93584
9.89964
8.93535
6.30626
1.6411
-4.31701
-9.11715
-9.22818
-2.83837
6.4141
9.70837
1.7518
-8.81842
-6.21771
6.98038
7.10626
-7.39978
-5.14503
9.45426
-0.796858
-8.42448
8.67743
-1.58958
-6.04302
9.6048
-8.63605
5.03542
-0.887854
-2.55563
4.89749
-6.22385
6.75089
-6.61398
5.78691
-4.10164
1.37425
2.33439
-6.34878
9.11422
-8.52843
3.38372
4.43193
-9.22519
5.45627
4.57155
-9.02324
0.383326
8.97585
-2.02928
-8.91685
0.281331
8.79255
4.6004
-5.06002
-8.84431
-4.4911
2.8322
7.78384
8.55372
6.20922
2.66372
-0.652659
-3.10307
9.73069
9.61367
9.13576
7.94038
5.54933
1.6411
-3.45165
-8.20193
-9.90967
-6.15434
2.26287
9.33418
7.37941
-3.32092
-9.90336
-1.57659
9.53454
2.76643
-9.65961
-0.301472
9.5606
-5.54435
-4.82332
9.78224
-6.15934
-1.45005
7.54078
-9.70657
8.47888
-5.54615
2.39572
0.140523
-1.77386
2.48702
-2.31883
1.26637
0.692515
-3.4583
6.56919
-8.96837
9.06139
-5.47359
-1.37964
7.90812
-8.53443
1.03262
7.93789
-6.96779
-4.20102
8.60449
2.62896
-8.52358
-4.22332
6.71704
7.79698
-0.757723
-8.04031
-7.66981
-1.66892
4.76654
8.26623
8.39616
6.38524
3.68228
1.25835
6.66415
6.30626
5.15199
3.01245
-0.233032
-4.31701
-8.20193
-9.96269
-7.51358
-0.531551
7.42067
9.59747
2.21049
-8.0917
-7.84845
4.33208
9.30653
-3.19092
-9.04849
5.41536
6.48569
-9.19426
0.965624
7.79088
-9.39744
4.36046
2.62506
-7.70078
9.63514
-9.09204
7.33526
-5.42207
3.97918
-3.28879
3.43698
-4.3987
6.01955
-7.90466
9.28182
-9.00562
5.96893
-0.100554
-6.44112
9.29325
-4.87857
-4.44193
9.18569
-2.25369
-8.11113
5.29553
7.15064
-5.21628
-8.03356
2.06354
8.89508
4.48416
-4.41845
-8.78974
-6.32956
-0.326459
5.16768
8.12319
8.56426
7.47674
5.89437
0.237283
-0.233032
-1.63648
-3.88867
-6.65319
-9.11715
-9.90967
-7.51358
-1.46496
6.04898
9.93603
5.62146
-4.60549
-9.87165
-2.03566
9.06973
4.90575
-8.49157
-4.33035
9.45426
0.128829
-9.2187
7.06704
2.07543
-8.8668
8.97472
-4.08981
-2.00915
6.64984
-9.04462
9.64241
-9.28396
8.69837
-8.34104
8.4007
-8.83185
9.34967
-9.40185
8.20979
-5.0381
-0.177659
6.0063
-9.28393
6.71839
1.4182
-8.64088
6.50379
4.06837
-8.91138
-0.795496
9.06852
0.837585
-8.75568
-4.10548
6.17367
8.40181
1.6351
-6.13986
-8.7698
-5.92724
-0.629035
4.19853
7.20968
8.42896
8.50058
-6.9955
-7.32224
-8.20193
-9.29642
-9.956
-9.22818
-6.15434
-0.531551
6.04898
9.87286
7.05761
-1.96971
-9.51113
-6.21771
5.54271
9.13874
-2.7471
-9.51147
3.34542
8.53268
-6.9649
-3.99772
9.78224
-5.41809
-3.23313
8.96155
-9.17737
5.42033
-0.432645
-3.84339
6.7012
-8.26384
8.95839
-9.17231
9.10023
-8.69999
7.70486
-5.70309
2.35225
2.21162
-6.86469
9.33136
-7.13837
0.0501683
7.56488
-8.35909
-0.160489
8.73431
-4.72215
-7.06945
6.02412
7.04654
-4.56879
-8.58128
-0.346314
7.94544
7.38971
0.281889
-6.47233
-8.73841
-6.67272
-2.52589
1.60942
4.68218
6.53967
-9.90967
-9.85008
-9.54076
-8.60672
-6.5166
-2.83837
2.26287
7.42067
9.93603
7.05761
-1.04518
-8.81842
-8.12505
2.13418
9.85684
2.76643
-9.11431
-3.90817
9.3154
1.51291
-9.74975
4.48863
5.82773
-9.72806
5.16169
2.62506
-8.22417
9.65921
-7.81366
4.51266
-1.2183
-1.32679
2.92061
-3.60356
3.43936
-2.41923
0.484217
2.33439
-5.6641
8.51909
-9.27887
6.35678
0.226065
-7.22189
8.89868
-2.15611
-7.27965
7.63613
3.15559
-8.89088
-1.5297
8.8136
3.19821
-7.38471
-7.17778
1.84483
8.42158
7.0522
0.587082
-5.62445
-8.52414
-8.04158
-5.60365
-2.68718
-0.202006
-4.57727
-4.15539
-2.83837
-0.531551
2.71688
6.4141
9.33418
9.59747
5.62146
-1.96971
-8.81842
-8.62357
0.284113
9.24535
6.06647
-6.406
-8.15233
5.41536
7.75723
-7.28317
-4.41541
9.73629
-3.36927
-6.04302
9.73766
-6.38854
-0.193382
5.95687
-9.04462
9.6005
-8.64794
7.22215
-6.02555
5.42332
-5.54603
6.35931
-7.64964
8.93867
-9.40703
8.0007
-3.94963
-2.24342
7.90812
-8.84086
2.73832
6.31493
-8.68588
-0.0483569
8.88894
-3.2586
-8.30284
3.18906
8.77681
0.190632
-8.36323
-6.25137
2.34513
8.27932
7.63519
2.50044
-3.23659
-7.08364
-8.53918
-8.27627
-7.23866
5.67039
6.04898
7.10071
8.52881
9.72195
9.70837
7.37941
2.21049
-4.60549
-9.51113
-8.12505
0.284113
8.87395
7.42231
-4.05621
-9.62395
1.08959
9.79245
-1.71532
-9.2187
5.67097
5.45076
-9.67751
3.94481
4.74172
-9.45646
8.47888
-3.96229
-1.21711
5.2833
-7.76392
8.95839
-9.38857
9.47925
-9.43434
9.20859
-8.51634
6.89004
-3.8654
-0.619975
5.66135
-9.05778
8.03708
-1.62854
-6.52765
8.8844
-1.40539
-8.11113
5.97115
5.97495
-7.07407
-5.96615
5.80882
7.99463
-1.17527
-8.48931
-6.4355
1.22002
7.37039
8.55372
5.61086
1.07561
-3.02101
-5.82445
-7.3619
9.70837
9.59747
9.13805
7.9732
5.62146
1.7518
-3.32092
-8.0917
-9.87165
-6.21771
2.13418
9.24535
7.42231
-3.19092
-9.85822
-1.68682
9.45426
2.86707
-9.58627
-0.419049
9.53998
-5.41809
-4.90207
9.73685
-6.03626
-1.55935
7.57691
-9.66216
8.3789
-5.42207
2.27042
0.256292
-1.87906
2.58634
-2.41923
1.37425
0.574268
-3.3339
6.45351
-8.88756
9.04559
-5.53778
-1.26085
7.80841
-8.53518
1.13857
7.84081
-7.00479
-4.08128
8.59732
2.51038
-8.5171
-4.10548
6.755
7.7043
-0.861237
-8.04476
-7.57781
-1.55597
4.83115
8.25766
8.32698
6.28242
3.5696
1.1496
0.823886
0.356717
-1.04518
-3.32092
-6.17053
-8.81842
-9.90336
-7.84845
-2.03566
5.54271
9.85684
6.06647
-4.05621
-9.85822
-2.59353
8.77596
5.37856
-8.13804
-4.82332
9.22964
0.707455
-9.35473
6.61951
2.62506
-9.04792
8.69071
-3.54198
-2.55563
7.0204
-9.18457
9.57771
-9.07284
8.4007
-8.00779
8.07638
-8.56213
9.18778
-9.40703
8.43017
-5.47359
0.377295
5.54236
-9.16526
7.05274
0.868224
-8.38954
6.84463
3.55585
-8.97243
-0.254849
9.03053
0.30094
-8.82148
-3.60739
6.51314
8.1724
1.11044
-6.47233
-8.67994
-5.50803
-0.112591
4.61755
7.44069
8.46899
8.39163
-9.51113
-9.63228
-9.86638
-9.818
-8.84437
-6.21771
-1.57659
4.33208
9.06973
9.13874
2.76643
-6.406
-9.62395
-1.68682
8.77596
6.12997
-6.9649
-7.01629
7.37858
5.0617
-9.39744
0.842735
8.33433
-8.63605
1.6287
5.95687
-9.52385
8.59455
-5.04137
0.93222
2.48702
-4.8166
6.13811
-6.66391
6.52751
-5.70309
4.02523
-1.31415
-2.36536
6.33787
-9.05778
8.44348
-3.31204
-4.44193
9.16124
-5.37552
-4.57952
8.94594
-0.331958
-8.91685
1.96703
8.85798
-0.231441
-8.71646
-4.60638
4.983
8.78149
4.49756
-2.76671
-7.70386
-8.49821
-6.19454
-2.68718
0.602307
3.03741
-3.81703
-3.38193
-2.03566
0.284113
3.4752
6.98038
9.53454
9.30653
4.90575
-2.7471
-9.11431
-8.15233
1.08959
9.45426
5.37856
-6.9649
-7.63098
6.04095
7.19842
-7.75935
-3.66347
9.73766
-4.08981
-5.36662
9.67343
-6.93286
0.600218
5.2833
-8.69041
9.5934
-8.91926
7.67743
-6.58233
6.01955
-6.13178
6.88223
-8.042
9.11422
-9.27887
7.53057
-3.2226
-2.96478
8.24285
-8.53518
1.99373
6.81018
-8.36758
-0.795496
8.98213
-2.53824
-8.52821
2.47311
8.86078
0.919663
-8.04031
-6.71338
1.62935
7.96486
7.92239
3.16196
-2.55102
-6.61872
-8.37776
-8.38752
-7.54553
9.06973
9.24535
9.64749
9.88711
9.30653
7.10626
2.76643
-3.19092
-8.49157
-9.51147
-3.90817
5.41536
9.79245
2.86707
-8.13804
-7.01629
6.04095
7.79088
-6.50979
-6.04302
8.97472
0.364004
-8.87109
7.99914
-0.432645
-6.83861
9.63122
-7.96785
3.97918
0.256292
-3.60356
5.78691
-6.97693
7.43463
-7.3117
6.57767
-5.0381
2.45088
1.22086
-5.42423
8.68866
-8.84086
4.3474
3.39697
-8.94514
6.24002
3.55585
-9.07558
1.44889
8.63226
-3.03321
-8.58128
1.33295
8.86073
3.62345
-5.83412
-8.60934
-3.52363
3.76038
8.12319
8.21058
5.39368
1.65573
-1.64631
-3.9852
3.21042
2.76643
1.40177
-0.920473
-4.05621
-7.39978
-9.65961
-9.04849
-4.33035
3.34542
9.3154
7.75723
-1.71532
-9.58627
-4.82332
7.37858
7.19842
-6.50979
-6.73805
8.10578
3.06385
-9.70657
4.63929
4.82041
-9.5913
7.33526
-1.2183
-4.73957
8.38495
-9.55617
9.10178
-8.00779
6.99562
-6.46553
6.56919
-7.26808
8.32201
-9.22128
9.14809
-7.13837
2.64392
3.51861
-8.47717
8.26816
-1.40539
-7.17464
8.09125
1.37663
-9.02528
1.96703
8.67613
-1.90555
-8.89713
-1.48623
7.76145
7.0522
-1.06471
-7.69286
-8.12063
-3.66838
2.00695
6.2336
8.22397
8.44674
7.76038
-9.74288
-9.80448
-9.85822
-9.51147
-8.15233
-5.14503
-0.301472
5.41536
9.45426
8.53268
1.51291
-7.28317
-9.2187
-0.419049
9.22964
5.0617
-7.75935
-6.04302
8.10578
3.92014
-9.61247
2.0776
7.57691
-9.09204
2.83367
4.89749
-9.18457
9.04091
-6.02555
2.14599
1.26637
-3.69236
5.11904
-5.70309
5.55594
-4.65723
2.87564
-0.100554
-3.49911
7.13658
-9.22519
7.82841
-2.15611
-5.42254
9.16705
-4.34797
-5.53469
8.59732
0.837585
-8.99972
0.8112
8.93405
0.919663
-8.3581
-5.51853
3.97874
8.75065
5.40295
-1.66716
-7.08364
-8.59423
-6.87938
-3.69567
-0.497847
1.97911
1.08959
1.54973
2.90524
5.02194
7.49391
9.45426
9.5606
6.48569
0.128829
-6.9649
-9.74975
-4.41541
5.67097
9.53998
0.707455
-9.39744
-3.66347
8.97472
3.06385
-9.61247
1.17614
8.57509
-7.81366
-0.764266
8.13479
-9.28396
5.17096
0.707508
-5.57341
8.39862
-9.43434
9.41806
-9.04844
8.78415
-8.82156
9.11422
-9.37074
9.04559
-7.41365
3.87482
1.4182
-6.82866
9.21029
-5.72081
-2.60207
8.88894
-5.49948
-5.07095
8.44756
1.98124
-8.82148
-2.01279
8.28688
5.07424
-5.18453
-8.60934
-2.75413
5.16768
8.65026
6.652
1.76649
-3.10307
-6.42629
-8.03005
-8.43382
8.754
8.53268
7.75723
6.12997
3.30711
-0.796858
-5.54435
-9.19426
-9.2187
-3.99772
4.48863
9.73629
5.45076
-5.41809
-9.35473
0.842735
9.73766
0.364004
-9.70657
2.0776
8.57509
-7.2428
-2.55563
9.25638
-7.70498
0.93222
5.72297
-9.17231
9.22731
-7.2012
4.53445
-2.17915
0.574268
0.151699
0.0133988
-1.06088
2.93984
-5.42423
7.90812
-9.2646
8.05293
-3.40001
-3.53752
8.73431
-7.27408
-1.22235
8.70764
-5.21628
-5.96615
7.49127
4.6004
-7.40852
-5.94742
4.983
8.49977
1.40864
-6.77871
-8.37775
-3.66838
2.78783
7.23034
8.54487
7.49546
5.38286
3.23468
-7.87039
-8.13804
-8.83019
-9.58627
-9.74975
-8.42448
-4.82332
0.965624
7.06704
9.78224
5.82773
-3.36927
-9.67751
-4.90207
6.61951
8.33433
-4.08981
-8.87109
4.63929
7.57691
-7.81366
-2.55563
9.46956
-6.48843
-1.77386
8.15595
-9.41141
6.47717
-1.86429
-2.41923
5.49021
-7.3117
8.20979
-8.52315
8.43017
-7.89319
6.67311
-4.42425
0.925412
3.51861
-7.638
9.18569
-6.0534
-1.33873
8.16327
-7.5517
-1.5297
8.92051
-3.42935
-7.73865
4.85237
7.7043
-3.29022
-8.74171
-1.66892
7.13887
7.92239
1.58987
-5.4155
-8.53918
-7.32966
-3.69567
0.30255
3.48483
5.54668
-0.880183
-0.419049
0.965624
3.21636
6.04095
8.67743
9.78224
7.79088
2.07543
-5.41809
-9.72806
-6.04302
3.94481
9.73685
2.62506
-8.63605
-5.36662
7.99914
4.82041
-9.09204
-0.764266
9.25638
-6.48843
-2.65528
8.95839
-8.55295
3.43698
2.58634
-6.97693
9.08873
-9.45395
8.93867
-8.26491
7.87277
-7.94152
8.42754
-9.05778
9.29325
-8.35259
5.45627
-0.435443
-5.42254
9.04042
-7.00479
-0.795496
8.25913
-6.79995
-3.45468
8.87025
0.190632
-8.91645
-0.236615
8.72167
3.50723
-6.47233
-8.04711
-1.03763
6.43123
8.56426
5.39368
0.0528405
-4.60877
-7.37634
-8.37055
-8.27729
8.3142
8.06149
7.19842
5.45076
2.52361
-1.58958
-6.15934
-9.39744
-8.8668
-3.23313
5.16169
9.73766
4.74172
-6.03626
-9.04792
1.6287
9.67343
-0.432645
-9.5913
2.83367
8.13479
-7.70498
-1.77386
8.95839
-8.11058
1.70477
5.0468
-8.87269
9.34967
-7.64964
5.17821
-2.91427
1.34038
-0.619975
0.781831
-1.81356
3.64087
-5.99906
8.24285
-9.23743
7.6121
-2.67084
-4.20102
8.88894
-6.76074
-1.94904
8.84402
-4.56879
-6.4675
7.02349
5.18814
-6.94125
-6.4355
4.34441
8.61689
2.10361
-6.27162
-8.49821
-4.27791
2.09818
6.79155
8.47877
7.76038
5.87079
3.84242
-9.39744
-9.51201
-9.72806
-9.65589
-8.66424
-6.04302
-1.45005
4.36046
8.97472
8.96155
2.62506
-6.38854
-9.45646
-1.55935
8.69071
5.95687
-6.93286
-6.83861
7.33526
4.89749
-9.28396
0.93222
8.15595
-8.55295
1.70477
5.78691
-9.36316
8.51124
-5.05172
1.01873
2.35225
-4.65723
5.96893
-6.49217
6.35678
-5.53778
3.87482
-1.19632
-2.42531
6.31493
-8.94514
8.27525
-3.17106
-4.46036
9.03391
-5.21628
-4.59394
8.79255
-0.231441
-8.79924
1.84483
8.74064
-0.133838
-8.56547
-4.6169
4.83115
8.65645
4.50904
-2.63796
-7.54553
-8.38752
-6.16426
-2.73237
0.503707
2.90827
5.16169
5.5455
6.61951
8.10578
9.41867
9.6048
7.54078
2.62506
-4.08981
-9.17737
-8.22417
-0.193382
8.47888
7.57691
-3.54198
-9.52385
0.600218
9.63122
-1.2183
-9.18457
5.17096
5.72297
-9.41141
3.43698
5.0468
-9.36316
8.07638
-3.4583
-1.64786
5.55594
-7.87055
8.93301
-9.27887
9.33293
-9.2967
9.12518
-8.53443
7.05274
-4.19319
-0.160489
5.18688
-8.75972
8.09125
-2.02928
-6.07833
8.8136
-1.80811
-7.73865
6.17367
5.52318
-7.19402
-5.51853
6.01281
7.63519
-1.57126
-8.43335
-6.01162
1.60942
7.44069
8.29281
5.17711
0.644438
-3.34112
-6.00076
-7.41124
0.821822
0.364004
-1.01002
-3.24115
-6.03626
-8.63605
-9.70657
-7.70078
-2.00915
5.42033
9.65921
5.95687
-3.96229
-9.66216
-2.55563
8.59455
5.2833
-7.96785
-4.73957
9.04091
0.707508
-9.17231
6.47717
2.58634
-8.87269
8.51124
-3.4583
-2.5182
6.89004
-9.00562
9.38597
-8.88756
8.22665
-7.84068
7.90812
-8.38556
9.00142
-9.22038
8.26816
-5.37552
0.383326
5.42102
-8.9804
6.92086
0.837585
-8.21684
6.71704
3.47276
-8.79577
-0.236615
8.85031
0.281889
-8.64793
-3.52363
6.3921
8.00455
1.07561
-6.35193
-8.50542
-5.38846
-0.0977721
4.53607
7.29858
8.30181
8.22237
-5.74216
-5.36662
-4.17208
-2.00915
1.17614
5.03542
8.47888
9.63514
6.64984
-0.432645
-7.81366
-9.04462
-1.21711
8.3789
7.0204
-5.04137
-8.69041
3.97918
8.38495
-6.02555
-5.57341
9.22731
-1.86429
-6.97693
9.34967
-5.05172
-1.64786
6.89004
-9.22783
9.11422
-7.69742
6.0063
-4.68463
4.04091
-4.17658
5.0635
-6.52765
8.14975
-9.15422
8.45213
-5.08585
-0.795496
6.87904
-8.94509
3.96996
5.0725
-8.82148
1.33295
8.25459
-4.41845
-7.45507
4.34441
8.16531
-1.16466
-8.52414
-5.07357
3.54407
8.42896
6.70803
1.1496
-4.33339
-7.57316
-8.39288
-7.64048
-6.29581
8.57509
8.35282
7.57691
5.95687
3.15999
-0.887854
-5.54615
-9.09204
-9.04462
-3.84339
4.51266
9.6005
5.2833
-5.42207
-9.18457
0.93222
9.5934
0.256292
-9.55617
2.14599
8.39862
-7.2012
-2.41923
9.08873
-7.64964
1.01873
5.55594
-9.00562
9.11422
-7.15841
4.55406
-2.24342
0.664945
0.0501683
0.112206
-1.14303
2.9891
-5.42254
7.84081
-9.13172
7.88368
-3.2586
-3.5736
8.63226
-7.10637
-1.2989
8.60361
-5.06002
-5.94742
7.32639
4.61188
-7.24487
-5.92724
4.83115
8.39616
1.4785
-6.61872
-8.27627
-3.69567
2.66006
7.07284
8.41703
7.42492
5.37055
3.2678
-9.5913
-9.52385
-9.19535
-8.24482
-6.16524
-2.55563
2.39572
7.33526
9.64241
6.7012
-1.2183
-8.64794
-7.76392
2.27042
9.57771
2.48702
-8.91926
-3.60356
9.10178
1.26637
-9.43434
4.53445
5.49021
-9.45395
5.17821
2.35225
-7.87055
9.38597
-7.69742
4.55406
-1.37964
-1.08988
2.64392
-3.31204
3.15195
-2.15611
0.273428
2.45431
-5.65052
8.34622
-8.97243
6.02412
0.412309
-7.12638
8.57877
-1.90555
-7.17778
7.30214
3.23848
-8.58422
-1.66892
8.50858
3.27647
-7.05815
-7.07236
1.60942
8.11272
6.95016
0.750825
-5.31733
-8.23291
-7.86678
-5.57119
-2.7753
-0.372698
9.5475
9.6005
9.63122
9.25638
7.88183
4.89749
0.140523
-5.42207
-9.28396
-8.26384
-1.32679
7.22215
8.95839
0.256292
-9.07284
-4.8166
7.67743
5.78691
-8.00779
-3.69236
9.41806
-2.17915
-7.3117
8.93867
-2.91427
-4.65723
8.93301
-8.88756
6.0063
-2.24342
-1.08988
3.4719
-4.87857
5.45627
-5.31119
4.42411
-2.67084
-0.0483569
3.55585
-7.06945
9.03391
-7.57463
1.96703
5.41668
-8.95758
4.12416
5.52318
-8.3581
-0.959666
8.8034
-0.652974
-8.73841
-1.03763
8.12319
5.5022
-3.76621
-8.54631
-5.38846
1.49611
6.84631
8.40879
6.80439
3.73277
0.619334
-1.80589
-9.15516
-9.28396
-9.5456
-9.55701
-8.69041
-6.22385
-1.77386
3.97918
8.69837
8.95839
2.92061
-6.02555
-9.38857
-1.87906
8.4007
6.13811
-6.58233
-6.97693
6.99562
5.11904
-9.04844
0.574268
8.20979
-8.26491
1.34038
5.96893
-9.27887
8.22665
-4.68463
0.664945
2.64392
-4.87857
6.13639
-6.63364
6.50379
-5.72081
4.118
-1.508
-2.06687
5.97495
-8.72917
8.2876
-3.42935
-4.10548
8.86078
-5.40037
-4.24353
8.72167
-0.549298
-8.60934
2.12828
8.55372
-0.448468
-8.50158
-4.27791
5.01613
8.50058
4.17396
-2.89084
-7.57316
-8.2018
-5.85852
-2.40262
0.797275
3.14465
8.87952
9.04091
9.40326
9.58777
8.95839
6.75089
2.48702
-3.28879
-8.34104
-9.17231
-3.60356
5.42332
9.47925
2.58634
-8.00779
-6.66391
6.01955
7.43463
-6.46553
-5.70309
8.78415
0.151699
-8.52315
7.87277
-0.619975
-6.49217
9.33293
-7.84068
4.04091
0.0501683
-3.31204
5.45627
-6.63364
7.0894
-6.96779
6.24002
-4.72215
2.18953
1.37663
-5.41906
8.49745
-8.5171
4.04779
3.47276
-8.72089
5.91389
3.62345
-8.78974
1.22002
8.42856
-2.76671
-8.37775
1.11003
8.5787
3.68228
-5.52204
-8.38752
-3.58386
3.48483
7.81665
8.01967
5.37055
1.77994
-1.42388
-3.71078
-8.91926
-9.07284
-9.41141
-9.55617
-8.87459
-6.61398
-2.31883
3.43698
8.4007
9.10023
3.43936
-5.54603
-9.43434
-2.41923
8.07638
6.52751
-6.13178
-7.3117
6.56919
5.55594
-8.82156
0.0133988
8.43017
-7.94152
0.781831
6.35678
-9.2967
7.90812
-4.17658
0.112206
3.15195
-5.31119
6.50379
-6.96779
6.84463
-6.1062
4.57295
-2.02928
-1.5297
5.53127
-8.52821
8.44316
-3.89709
-3.60739
8.73024
-5.78219
-3.75483
8.75173
-1.06471
-8.44794
2.61476
8.39616
-0.957085
-8.53918
-3.80796
5.39308
8.39163
3.70854
-3.34112
-7.74133
-8.0404
-5.46747
-1.91665
1.27806
3.57281
9.22731
9.33232
9.52216
9.41568
8.39862
5.78691
1.26637
-4.3987
-8.83185
-8.69999
-2.41923
6.35931
9.20859
1.37425
-8.56213
-5.70309
6.88223
6.57767
-7.26808
-4.65723
9.11422
-1.06088
-7.89319
8.42754
-1.81356
-5.53778
9.12518
-8.38556
5.0635
-1.14303
-2.15611
4.42411
-5.72081
6.24002
-6.1062
5.29553
-3.65514
1.02538
2.51038
-6.27783
8.77681
-8.02707
2.96544
4.48416
-8.84431
4.983
4.61188
-8.56547
0.0861122
8.62384
-1.66716
-8.56565
-0.00722029
8.342
4.62918
-4.60877
-8.4704
-4.52279
2.45035
7.3121
8.22237
6.11666
2.79593
-0.360976
-2.71991
-9.50849
-9.52167
-9.43434
-8.87269
-7.27447
-4.10164
0.692515
6.01955
9.34967
7.70486
0.484217
-7.64964
-8.51634
0.574268
9.18778
4.02523
-8.042
-5.0381
8.32201
2.87564
-9.37074
2.93984
6.67311
-9.05778
3.64087
3.87482
-8.53443
9.00142
-6.52765
2.9891
0.273428
-2.67084
4.118
-4.72215
4.57295
-3.65514
1.86921
0.837585
-4.22332
7.44889
-8.96322
7.02349
-1.17527
-5.94742
8.78319
-3.37307
-6.03525
7.96486
1.70208
-8.68225
-0.112591
8.61413
1.76649
-7.72828
-5.98667
3.03741
8.35624
5.87079
-0.750427
-6.30631
-8.30406
-7.11496
-4.31516
-1.32334
1.0809
9.20859
9.08873
8.60928
7.43463
5.11904
1.37425
-3.4583
-7.90466
-9.40185
-5.70309
2.33439
8.93867
6.89004
-3.3339
-9.40703
-1.31415
9.11422
2.45088
-9.22128
-0.100554
9.04559
-5.42423
-4.42425
9.29325
-5.99906
-1.19632
7.05274
-9.22038
8.14975
-5.42254
2.45431
-0.0483569
-1.508
2.18953
-2.02928
1.02538
0.837585
-3.45468
6.3739
-8.58128
8.56743
-5.06002
-1.48623
7.61123
-8.04476
0.808005
7.63519
-6.51119
-4.14762
8.12319
2.66372
-8.04584
-4.16567
6.27328
7.49546
-0.552658
-7.57316
-7.37452
-1.74981
4.39279
7.80649
8.02365
6.18037
3.64754
1.35622
-7.58743
-7.3117
-6.38976
-4.58031
-1.64786
2.33439
6.56919
9.28182
8.20979
2.35225
-5.6641
-9.40703
-3.8654
6.45351
8.43017
-2.36536
-9.27887
1.22086
9.14809
-3.49911
-7.41365
7.90812
0.925412
-8.35259
8.24285
-2.42531
-4.19319
8.26816
-9.15422
7.84081
-5.65052
3.55585
-2.06687
1.37663
-1.5297
2.51038
-4.22332
6.3739
-8.29919
8.89508
-6.90824
1.84483
4.72654
-8.74171
6.01281
2.61503
-8.67994
3.76038
6.75231
-6.31252
-5.60365
6.2336
6.70803
-3.55262
-8.44114
-2.73237
5.54668
8.32986
4.74641
-1.33152
-6.11772
-8.12306
-7.76281
-6.16242
-4.32398
4.02523
3.61807
2.35225
0.151699
-2.91427
-6.34878
-8.96837
-9.00562
-5.0381
2.21162
8.51909
8.0007
-0.619975
-8.88756
-5.47359
6.33787
7.53057
-5.42423
-7.13837
7.13658
3.87482
-9.2646
3.51861
5.45627
-9.23743
6.31493
-0.160489
-5.37552
8.45213
-9.13172
8.34622
-7.06945
5.97495
-5.41906
5.53127
-6.27783
7.44889
-8.58128
8.89508
-7.40852
3.44245
2.44773
-7.66981
8.27932
-2.28227
-6.22359
8.12638
0.370333
-8.49821
2.78783
7.99792
-2.72358
-8.38752
-0.497847
7.81737
6.14868
-1.92066
-7.7412
-7.38949
-2.66631
2.78199
6.53821
8.05489
7.9231
7.02073
1.34038
1.77799
3.06307
5.05614
7.35349
9.11422
9.06139
5.96893
-0.177659
-6.86469
-9.27887
-3.94963
5.66135
9.04559
0.377295
-9.05778
-3.2226
8.68866
2.64392
-9.22519
1.4182
8.05293
-7.638
-0.435443
7.6121
-8.94514
5.18688
0.383326
-5.08585
7.88368
-8.97243
9.03391
-8.72917
8.49745
-8.52821
8.77681
-8.96322
8.56743
-6.90824
3.44245
1.6351
-6.71338
8.7885
-5.24452
-2.75413
8.55372
-5.03142
-5.07357
7.97148
2.16104
-8.37776
-2.18883
7.81675
5.06911
-4.73374
-8.27729
-2.88491
4.72145
8.24278
6.52252
1.94486
-2.71991
-5.96719
-7.58696
-8.04774
-6.86469
-7.15841
-7.94152
-8.88756
-9.37901
-8.52843
-5.47359
-0.100554
6.0063
9.33136
6.35678
-2.24342
-9.05778
-5.53778
5.54236
8.44348
-2.96478
-8.84086
3.51861
7.82841
-6.82866
-3.40001
9.18569
-5.42254
-2.67084
8.27525
-8.75972
5.42102
-0.795496
-3.2586
6.02412
-7.57463
8.2876
-8.5171
8.44316
-8.02707
7.02349
-5.06002
1.84483
2.44773
-6.71338
8.8034
-6.47233
-0.326459
7.3298
-7.70386
-0.52078
8.32698
-4.1267
-6.87938
5.39308
6.85459
-3.9852
-8.17503
-0.684323
7.3121
7.1461
0.619334
-5.84876
-8.22708
-6.50013
-2.70859
1.17321
4.11453
5.92976
9.3532
9.33293
9.14809
8.43759
6.67311
3.38372
-1.37964
-6.44112
-9.28393
-7.13837
0.226065
7.90812
8.03708
-1.26085
-9.16526
-3.31204
8.24285
4.3474
-8.47717
-2.15611
9.21029
-3.53752
-6.0534
9.04042
-4.20102
-3.17106
8.09125
-8.9804
6.87904
-3.5736
0.412309
1.96703
-3.42935
4.04779
-3.89709
2.96544
-1.17527
-1.48623
4.72654
-7.66981
8.7885
-6.47233
0.498523
6.31415
-8.52414
2.70196
6.38524
-7.5335
-2.30046
8.46899
0.750825
-8.39913
-2.35271
7.29858
6.31423
-2.38925
-8.0896
-6.19806
0.117669
5.77372
8.10939
7.28266
4.74612
1.89451
-0.461173
-5.88547
-5.53778
-4.42425
-2.38436
0.664945
4.43193
7.90812
9.29325
6.71839
0.0501683
-7.22189
-8.84086
-1.62854
7.80841
7.05274
-4.44193
-8.53518
3.39697
8.26816
-5.42254
-5.72081
8.73431
-1.33873
-7.00479
8.88894
-4.46036
-2.02928
6.92086
-8.94509
8.63226
-7.12638
5.41668
-4.10548
3.47276
-3.60739
4.48416
-5.94742
7.61123
-8.74171
8.27932
-5.24452
-0.326459
6.31415
-8.64873
4.19853
4.50904
-8.53918
1.7037
7.75918
-4.60877
-6.92413
4.53607
7.6801
-1.53367
-8.26043
-4.52971
3.77832
8.16532
6.18037
0.697065
-4.50768
-7.44415
-8.04066
-7.16714
-5.7785
-2.54639
-2.96478
-4.17658
-5.99906
-7.97275
-9.22519
-8.53443
-4.87857
1.4182
7.56488
8.89868
2.73832
-6.52765
-8.53518
0.868224
9.16124
1.99373
-8.94514
-1.40539
9.16705
-2.60207
-7.27408
8.16327
-0.795496
-6.76074
9.03391
-6.07833
0.837585
3.96996
-7.10637
8.57877
-8.95758
8.86078
-8.72089
8.73024
-8.84431
8.78319
-8.04476
6.01281
-2.28227
-2.75413
7.3298
-8.52414
4.19853
3.79546
-8.59423
3.98391
5.89437
-7.3619
-3.21732
7.96104
3.23468
-7.20598
-5.85852
3.707
8.28621
3.86293
-3.71078
-7.94783
-7.05227
-2.96099
1.63899
5.10461
7.04641
7.80629
9.00142
9.09421
9.25068
9.10093
8.05293
5.45627
1.03262
-4.44193
-8.64088
-8.35909
-2.15611
6.31493
8.8844
1.13857
-8.38954
-5.37552
6.81018
6.24002
-7.17464
-4.34797
8.88894
-1.22235
-7.5517
8.25913
-1.94904
-5.21628
8.8136
-8.21684
5.0725
-1.2989
-1.90555
4.12416
-5.40037
5.91389
-5.78219
4.983
-3.37307
0.808005
2.61503
-6.22359
8.55372
-7.70386
2.70196
4.50904
-8.59423
4.68218
4.62918
-8.26832
-0.0977721
8.39197
-1.44054
-8.33438
-0.185595
8.04968
4.63933
-4.32219
-8.22524
-4.53491
2.21023
7.00838
8.00393
6.04933
2.87304
-0.180057
-2.47855
-5.66139
-5.31119
-4.19319
-2.15611
0.868224
4.57155
7.93789
9.18569
6.50379
-0.160489
-7.27965
-8.68588
-1.40539
7.84081
6.84463
-4.57952
-8.36758
3.55585
8.09125
-5.53469
-5.49948
8.70764
-1.5297
-6.79995
8.84402
-4.59394
-1.80811
6.71704
-8.82148
8.60361
-7.17778
5.52318
-4.24353
3.62345
-3.75483
4.61188
-6.03525
7.63519
-8.67994
8.12638
-5.03142
-0.52078
6.38524
-8.53918
3.98391
4.62918
-8.42654
1.49611
7.76038
-4.39945
-6.96372
4.32816
7.67906
-1.33152
-8.14741
-4.64079
3.57281
8.05489
6.239
0.874033
-4.30808
-7.29521
-7.97205
-7.17507
-5.84371
-5.06646
-5.42254
-6.41527
-7.77597
-8.94514
-9.02324
-6.96779
-2.25369
4.06837
8.73431
7.63613
-0.0483569
-8.11113
-7.00479
3.55585
8.94594
-0.795496
-9.07558
1.37663
8.59732
-5.07095
-5.21628
8.92051
-3.45468
-4.56879
8.79255
-7.73865
3.47276
1.33295
-5.06002
7.30214
-8.3581
8.72167
-8.78974
8.75173
-8.56547
7.96486
-6.51119
3.76038
0.370333
-5.07357
8.32698
-7.5335
1.7037
5.89437
-8.26832
1.49611
7.40872
-5.67079
-5.37689
6.66369
5.37055
-5.5198
-7.3058
1.27806
7.90594
5.81985
-1.31687
-6.91796
-7.87294
-5.04492
-0.808897
2.968
5.52182
6.9005
8.61023
8.45213
7.8668
6.54959
4.118
0.383326
-4.20102
-8.11113
-8.91138
-4.72215
3.15559
8.88894
5.97115
-4.08128
-8.97243
-0.331958
8.98213
1.44889
-9.02528
0.837585
8.44756
-5.96615
-3.42935
8.87025
-6.4675
-0.231441
6.17367
-8.79577
8.25459
-5.94742
3.23848
-0.959666
-0.549298
1.22002
-1.06471
0.0861122
1.70208
-4.14762
6.75231
-8.49821
7.97148
-4.1267
-2.30046
7.75918
-7.3619
-0.0977721
7.76038
-5.67079
-4.74545
7.49637
3.37722
-7.4201
-4.74694
5.44529
7.59757
0.312327
-6.90077
-7.48146
-2.49559
3.5123
7.21746
7.89552
6.47333
4.23161
2.10205
1.91617
2.33484
3.55585
5.42102
7.50729
8.97585
8.60449
5.29553
-0.795496
-7.06945
-8.89088
-3.2586
5.97495
8.59732
-0.254849
-8.91685
-2.53824
8.63226
1.96703
-8.99972
1.98124
7.49127
-7.73865
0.190632
7.02349
-8.79924
5.52318
-0.236615
-4.41845
7.32639
-8.58422
8.8034
-8.60934
8.42856
-8.44794
8.62384
-8.68225
8.12319
-6.31252
2.78783
2.16104
-6.87938
8.46899
-4.60877
-3.21732
8.39197
-4.39945
-5.37689
7.49637
2.64433
-7.99065
-2.66631
7.34434
5.35679
-4.11851
-8.1056
-3.31358
4.11453
7.91955
6.64915
2.41264
-2.12039
-5.40797
-7.15463
-7.75548
-8.97243
-8.89088
-8.52864
-7.5517
-5.49948
-2.02928
2.62896
7.15064
9.06852
6.02412
-1.5297
-8.30284
-7.07407
2.51038
9.03053
1.96703
-8.52821
-3.03321
8.67613
0.8112
-8.82148
4.6004
4.85237
-8.91645
5.18814
1.84483
-7.19402
8.85031
-7.45507
4.61188
-1.66892
-0.652974
2.12828
-2.76671
2.61476
-1.66716
-0.112591
2.66372
-5.60365
7.99792
-8.37776
5.39308
0.750825
-6.92413
7.96104
-1.44054
-6.96372
6.66369
3.37722
-7.99065
-1.91665
7.9183
3.40659
-6.43422
-6.8522
1.17321
7.51697
6.73667
1.04693
-4.73569
-7.6689
-7.51682
-5.49014
-2.92538
-0.682968
-1.94904
-2.36401
-3.5736
-5.41906
-7.47819
-8.91685
-8.52358
-5.21628
0.837585
7.04654
8.8136
3.18906
-5.96615
-8.5171
0.30094
8.85798
2.47311
-8.58128
-1.90555
8.93405
-2.01279
-7.40852
7.7043
-0.236615
-6.94125
8.74064
-5.51853
0.281889
4.34441
-7.24487
8.50858
-8.73841
8.55372
-8.37775
8.39616
-8.56565
8.61413
-8.04584
6.2336
-2.72358
-2.18883
6.85459
-8.39913
4.53607
3.23468
-8.33438
4.32816
5.37055
-7.4201
-2.66631
7.9183
2.68772
-7.26909
-5.34938
4.05
8.04881
3.32783
-4.04667
-7.85239
-6.62266
-2.4347
2.06389
5.33669
7.08342
7.69153
8.44756
8.2876
7.69893
6.38361
3.96996
0.281331
-4.22332
-8.03356
-8.75568
-4.56879
3.19821
8.77681
5.80882
-4.10548
-8.82148
-0.231441
8.86078
1.33295
-8.89713
0.919663
8.28688
-5.94742
-3.29022
8.72167
-6.4355
-0.133838
6.01281
-8.64793
8.16531
-5.92724
3.27647
-1.03763
-0.448468
1.11003
-0.957085
-0.00722029
1.76649
-4.16567
6.70803
-8.38752
7.81675
-3.9852
-2.35271
7.6801
-7.20598
-0.185595
7.67906
-5.5198
-4.74694
7.34434
3.40659
-7.26909
-4.74679
5.29824
7.51594
0.393554
-6.75144
-7.40171
-2.53876
3.38341
7.0725
7.78768
6.42401
4.23795
2.14998
5.0725
5.41668
6.3739
7.6776
8.77681
8.79255
6.71704
2.06354
-4.10548
-8.58128
-7.38471
0.190632
7.99463
6.755
-3.60739
-8.71646
0.919663
8.86073
-1.48623
-8.3581
5.07424
4.983
-8.74171
3.50723
4.34441
-8.56547
7.63519
-3.52363
-1.16466
4.83115
-7.05815
8.12319
-8.50158
8.5787
-8.53918
8.342
-7.72828
6.27328
-3.55262
-0.497847
5.06911
-8.17503
7.29858
-1.53367
-5.85852
8.04968
-1.33152
-7.3058
5.44529
5.35679
-6.43422
-5.34938
5.29824
7.20195
-1.12182
-7.69335
-5.7785
1.16148
6.69605
7.72298
5.02903
0.915165
-2.78554
-5.30852
-6.6854
-5.34054
-4.9955
-3.89709
-1.90555
1.03247
4.6004
7.79698
8.89508
6.17367
-0.346314
-7.17778
-8.36323
-1.17527
7.7043
6.51314
-4.60638
-8.04031
3.62345
7.76145
-5.51853
-5.18453
8.49977
-1.66892
-6.47233
8.61689
-4.6169
-1.57126
6.3921
-8.52414
8.39616
-7.07236
5.5022
-4.27791
3.68228
-3.80796
4.62918
-5.98667
7.49546
-8.44114
7.81737
-4.73374
-0.684323
6.31423
-8.26043
3.707
4.63933
-8.14741
1.27806
7.59757
-4.11851
-6.8522
4.05
7.51594
-1.12182
-7.87382
-4.64255
3.31275
7.78558
6.1599
1.01453
-4.03782
-7.00735
-7.74206
-7.03066
-5.77885
-8.72089
-8.79924
-8.91645
-8.71646
-7.63426
-5.06002
-0.757723
4.48416
8.40181
7.94544
1.84483
-6.25137
-8.48931
-0.861237
8.1724
4.983
-6.71338
-5.83412
7.0522
3.97874
-8.60934
1.40864
7.13887
-8.04711
2.10361
4.83115
-8.43335
8.00455
-5.07357
1.4785
1.60942
-3.76621
5.01613
-5.52204
5.39308
-4.60877
3.03741
-0.552658
-2.73237
6.14868
-8.27729
7.3121
-2.38925
-4.52971
8.28621
-4.32219
-4.64079
7.90594
0.312327
-8.1056
1.17321
8.04881
0.393554
-7.69335
-4.64255
3.97949
7.92367
4.54062
-1.92572
-6.64068
-7.73397
-5.95945
-2.95775
-0.0315523
2.19207
-2.70589
-3.10154
-4.24353
-5.94742
-7.76141
-8.84431
-8.04031
-4.41845
1.6351
7.38971
8.42158
2.34513
-6.4355
-8.04476
1.11044
8.78149
1.62935
-8.60934
-1.06471
8.75065
-2.75413
-6.77871
7.92239
-1.03763
-6.27162
8.65645
-6.01162
1.07561
3.54407
-6.61872
8.11272
-8.54631
8.50058
-8.38752
8.39163
-8.4704
8.35624
-7.57316
5.54668
-1.92066
-2.88491
7.1461
-8.0896
3.77832
3.86293
-8.22524
3.57281
5.81985
-6.90077
-3.31358
7.51697
3.32783
-6.75144
-5.7785
3.31275
7.92367
3.91317
-3.31998
-7.53176
-6.86128
-3.05949
1.32352
4.68583
6.6147
7.40849
5.32208
4.983
3.90259
1.94061
-0.959666
-4.4911
-7.66981
-8.78974
-6.13986
0.281889
7.0522
8.27932
1.22002
-7.57781
-6.47233
4.49756
7.96486
-3.52363
-7.69286
5.40295
5.16768
-8.37775
1.58987
6.43123
-8.49821
4.50904
1.60942
-6.35193
8.42896
-8.27627
6.95016
-5.38846
4.17396
-3.58386
3.70854
-4.52279
5.87079
-7.37452
8.32986
-7.7412
4.72145
0.619334
-6.19806
8.16532
-3.71078
-4.53491
8.05489
-1.31687
-7.48146
4.11453
6.73667
-4.04667
-7.40171
1.16148
7.78558
4.54062
-3.31998
-7.69795
-6.04958
-0.94938
4.03234
6.9424
7.64335
6.9213
5.67249
8.7885
8.75173
8.52528
7.77338
6.01281
2.8322
-1.66892
-6.32956
-8.7698
-6.47233
0.587082
7.63519
7.37039
-1.55597
-8.67994
-2.76671
7.92239
3.76038
-8.12063
-1.66716
8.65026
-3.66838
-5.4155
8.56426
-4.27791
-2.63796
7.44069
-8.50542
6.70803
-3.69567
0.750825
1.49611
-2.89084
3.48483
-3.34112
2.45035
-0.750427
-1.74981
4.74641
-7.38949
8.24278
-5.84876
0.117669
6.18037
-7.94783
2.21023
6.239
-6.91796
-2.49559
7.91955
1.04693
-7.85239
-2.53876
6.69605
6.1599
-1.92572
-7.53176
-6.04958
-0.22043
5.19597
7.5883
6.99441
4.72704
2.09634
-0.112164
6.69318
6.95243
7.63519
8.42856
8.75065
7.78384
4.76654
-0.326459
-5.92724
-8.73841
-5.62445
2.50044
8.55372
4.83115
-5.50803
-7.70386
3.16196
8.12319
-3.66838
-7.08364
6.652
2.78783
-8.53918
5.39368
2.09818
-7.54553
8.29281
-5.38846
1.1496
2.66006
-5.31733
6.84631
-7.57316
7.81665
-7.74133
7.3121
-6.30631
4.39279
-1.33152
-2.66631
6.52252
-8.22708
5.77372
0.697065
-7.05227
7.00838
0.874033
-7.87294
3.5123
6.64915
-4.73569
-6.62266
3.38341
7.72298
1.01453
-6.64068
-6.86128
-0.94938
5.19597
7.67075
6.28952
2.87273
-0.734468
-3.5277
-5.28999
1.70208
2.10361
3.27647
5.07423
7.09903
8.55372
8.26623
5.16768
-0.629035
-6.67272
-8.52414
-3.23659
5.61086
8.25766
-0.112591
-8.49821
-2.55102
8.21058
2.00695
-8.59423
1.76649
7.23034
-7.32966
0.0528405
6.79155
-8.38752
5.17711
-0.0977721
-4.33339
7.07284
-8.23291
8.40879
-8.2018
8.01967
-8.0404
8.22237
-8.30406
7.80649
-6.11772
2.78199
1.94486
-6.50013
8.10939
-4.50768
-2.96099
8.00393
-4.30808
-5.04492
7.21746
2.41264
-7.6689
-2.4347
7.0725
5.02903
-4.03782
-7.73397
-3.05949
4.03234
7.5883
6.28952
2.19575
-2.13676
-5.25109
-6.8841
-7.42611
-3.23659
-2.85283
-1.66716
0.370333
3.16196
6.20922
8.39616
8.12319
4.19853
-2.52589
-8.04158
-7.08364
1.07561
8.32698
4.61755
-6.19454
-6.61872
5.39368
6.2336
-6.87938
-3.10307
8.54487
-3.69567
-4.60877
8.47877
-6.16426
0.644438
4.53607
-7.57316
8.41703
-7.86678
6.80439
-5.85852
5.37055
-5.46747
6.11666
-7.11496
8.02365
-8.12306
6.53821
-2.71991
-2.70859
7.28266
-7.44415
1.63899
6.04933
-7.29521
-0.808897
7.89552
-2.12039
-7.51682
2.06389
7.78768
0.915165
-7.00735
-5.95945
1.32352
6.9424
6.99441
2.87273
-2.13676
-5.73885
-7.32742
-7.37644
-6.66664
-6.58437
-6.31252
-5.4155
-3.6904
-0.957085
2.66372
6.38524
8.56426
7.20968
1.60942
-5.60365
-8.53918
-3.02101
6.28242
7.44069
-2.68718
-8.37776
1.65573
8.22397
-3.69567
-6.42629
7.49546
0.30255
-7.37634
7.76038
-2.73237
-3.34112
7.29858
-8.39288
7.42492
-5.57119
3.73277
-2.40262
1.77994
-1.91665
2.79593
-4.31516
6.18037
-7.76281
8.05489
-5.96719
1.17321
4.74612
-8.04066
5.10461
2.87304
-7.97205
2.968
6.47333
-5.40797
-5.49014
5.33669
6.42401
-2.78554
-7.74206
-2.95775
4.68583
7.64335
4.72704
-0.734468
-5.25109
-7.32742
-7.22798
-5.9287
-4.3424
-8.56463
-8.54631
-8.37776
-7.72828
-6.11393
-3.10307
1.25835
5.89437
8.50058
6.53967
-0.202006
-7.23866
-7.3619
1.1496
8.39163
3.03741
-7.54553
-3.9852
7.76038
1.97911
-8.43382
3.23468
5.54668
-8.27729
3.84242
2.90827
-7.41124
8.22237
-6.29581
3.2678
-0.372698
-1.80589
3.14465
-3.71078
3.57281
-2.71991
1.0809
1.35622
-4.32398
7.02073
-8.04774
5.92976
-0.461173
-5.7785
7.80629
-2.47855
-5.84371
6.9005
2.10205
-7.75548
-0.682968
7.69153
2.14998
-6.6854
-5.77885
2.19207
7.40849
5.67249
-0.112164
-5.28999
-7.42611
-6.66664
-4.3424
-1.73056
0.426577
-8.56463
-8.54631
-8.37776
-7.72828
-6.11393
-3.10307
1.25835
5.89437
8.50058
6.53967
-0.202006
-7.23866
-7.3619
1.1496
8.39163
3.03741
-7.54553
-3.9852
7.76038
1.97911
-8.43382
3.23468
5.54668
-8.27729
3.84242
2.90827
-7.41124
8.22237
-6.29581
3.2678
-0.372698
-1.80589
3.14465
-3.71078
3.57281
-2.71991
1.0809
1.35622
-4.32398
7.02073
-8.04774
5.92976
-0.461173
-5.7785
7.80629
-2.47855
-5.84371
6.9005
2.10205
-7.75548
-0.682968
7.69153
2.14998
-6.6854
-5.77885
2.19207
7.40849
5.67249
-0.112164
-5.28999
-7.42611
-6.66664
-4.3424
-1.73056
0.426577
-6.58437
-6.31252
-5.4155
-3.6904
-0.957085
2.66372
6.38524
8.56426
7.20968
1.60942
-5.60365
-8.53918
-3.02101
6.28242
7.44069
-2.68718
-8.37776
1.65573
8.22397
-3.69567
-6.42629
7.49546
0.30255
-7.37634
7.76038
-2.73237
-3.34112
7.29858
-8.39288
7.42492
-5.57119
3.73277
-2.40262
1.77994
-1.91665
2.79593
-4.31516
6.18037
-7.76281
8.05489
-5.96719
1.17321
4.74612
-8.04066
5.10461
2.87304
-7.97205
2.968
6.47333
-5.40797
-5.49014
5.33669
6.42401
-2.78554
-7.74206
-2.95775
4.68583
7.64335
4.72704
-0.734468
-5.25109
-7.32742
-7.22798
-5.9287
-4.3424
-3.23659
-2.85283
-1.66716
0.370333
3.16196
6.20922
8.39616
8.12319
4.19853
-2.52589
-8.04158
-7.08364
1.07561
8.32698
4.61755
-6.19454
-6.61872
5.39368
6.2336
-6.87938
-3.10307
8.54487
-3.69567
-4.60877
8.47877
-6.16426
0.644438
4.53607
-7.57316
8.41703
-7.86678
6.80439
-5.85852
5.37055
-5.46747
6.11666
-7.11496
8.02365
-8.12306
6.53821
-2.71991
-2.70859
7.28266
-7.44415
1.63899
6.04933
-7.29521
-0.808897
7.89552
-2.12039
-7.51682
2.06389
7.78768
0.915165
-7.00735
-5.95945
1.32352
6.9424
6.99441
2.87273
-2.13676
-5.73885
-7.32742
-7.37644
-6.66664
1.70208
2.10361
3.27647
5.07423
7.09903
8.55372
8.26623
5.16768
-0.629035
-6.67272
-8.52414
-3.23659
5.61086
8.25766
-0.112591
-8.49821
-2.55102
8.21058
2.00695
-8.59423
1.76649
7.23034
-7.32966
0.0528405
6.79155
-8.38752
5.17711
-0.0977721
-4.33339
7.07284
-8.23291
8.40879
-8.2018
8.01967
-8.0404
8.22237
-8.30406
7.80649
-6.11772
2.78199
1.94486
-6.50013
8.10939
-4.50768
-2.96099
8.00393
-4.30808
-5.04492
7.21746
2.41264
-7.6689
-2.4347
7.0725
5.02903
-4.03782
-7.73397
-3.05949
4.03234
7.5883
6.28952
2.19575
-2.13676
-5.25109
-6.8841
-7.42611
6.69318
6.95243
7.63519
8.42856
8.75065
7.78384
4.76654
-0.326459
-5.92724
-8.73841
-5.62445
2.50044
8.55372
4.83115
-5.50803
-7.70386
3.16196
8.12319
-3.66838
-7.08364
6.652
2.78783
-8.53918
5.39368
2.09818
-7.54553
8.29281
-5.38846
1.1496
2.66006
-5.31733
6.84631
-7.57316
7.81665
-7.74133
7.3121
-6.30631
4.39279
-1.33152
-2.66631
6.52252
-8.22708
5.77372
0.697065
-7.05227
7.00838
0.874033
-7.87294
3.5123
6.64915
-4.73569
-6.62266
3.38341
7.72298
1.01453
-6.64068
-6.86128
-0.94938
5.19597
7.67075
6.28952
2.87273
-0.734468
-3.5277
-5.28999
8.7885
8.75173
8.52528
7.77338
6.01281
2.8322
-1.66892
-6.32956
-8.7698
-6.47233
0.587082
7.63519
7.37039
-1.55597
-8.67994
-2.76671
7.92239
3.76038
-8.12063
-1.66716
8.65026
-3.66838
-5.4155
8.56426
-4.27791
-2.63796
7.44069
-8.50542
6.70803
-3.69567
0.750825
1.49611
-2.89084
3.48483
-3.34112
2.45035
-0.750427
-1.74981
4.74641
-7.38949
8.24278
-5.84876
0.117669
6.18037
-7.94783
2.21023
6.239
-6.91796
-2.49559
7.91955
1.04693
-7.85239
-2.53876
6.69605
6.1599
-1.92572
-7.53176
-6.04958
-0.22043
5.19597
7.5883
6.99441
4.72704
2.09634
-0.112164
5.32208
4.983
3.90259
1.94061
-0.959666
-4.4911
-7.66981
-8.78974
-6.13986
0.281889
7.0522
8.27932
1.22002
-7.57781
-6.47233
4.49756
7.96486
-3.52363
-7.69286
5.40295
5.16768
-8.37775
1.58987
6.43123
-8.49821
4.50904
1.60942
-6.35193
8.42896
-8.27627
6.95016
-5.38846
4.17396
-3.58386
3.70854
-4.52279
5.87079
-7.37452
8.32986
-7.7412
4.72145
0.619334
-6.19806
8.16532
-3.71078
-4.53491
8.05489
-1.31687
-7.48146
4.11453
6.73667
-4.04667
-7.40171
1.16148
7.78558
4.54062
-3.31998
-7.69795
-6.04958
-0.94938
4.03234
6.9424
7.64335
6.9213
5.67249
-2.70589
-3.10154
-4.24353
-5.94742
-7.76141
-8.84431
-8.04031
-4.41845
1.6351
7.38971
8.42158
2.34513
-6.4355
-8.04476
1.11044
8.78149
1.62935
-8.60934
-1.06471
8.75065
-2.75413
-6.77871
7.92239
-1.03763
-6.27162
8.65645
-6.01162
1.07561
3.54407
-6.61872
8.11272
-8.54631
8.50058
-8.38752
8.39163
-8.4704
8.35624
-7.57316
5.54668
-1.92066
-2.88491
7.1461
-8.0896
3.77832
3.86293
-8.22524
3.57281
5.81985
-6.90077
-3.31358
7.51697
3.32783
-6.75144
-5.7785
3.31275
7.92367
3.91317
-3.31998
-7.53176
-6.86128
-3.05949
1.32352
4.68583
6.6147
7.40849
-8.72089
-8.79924
-8.91645
-8.71646
-7.63426
-5.06002
-0.757723
4.48416
8.40181
7.94544
1.84483
-6.25137
-8.48931
-0.861237
8.1724
4.983
-6.71338
-5.83412
7.0522
3.97874
-8.60934
1.40864
7.13887
-8.04711
2.10361
4.83115
-8.43335
8.00455
-5.07357
1.4785
1.60942
-3.76621
5.01613
-5.52204
5.39308
-4.60877
3.03741
-0.552658
-2.73237
6.14868
-8.27729
7.3121
-2.38925
-4.52971
8.28621
-4.32219
-4.64079
7.90594
0.312327
-8.1056
1.17321
8.04881
0.393554
-7.69335
-4.64255
3.97949
7.92367
4.54062
-1.92572
-6.64068
-7.73397
-5.95945
-2.95775
-0.0315523
2.19207
-5.34054
-4.9955
-3.89709
-1.90555
1.03247
4.6004
7.79698
8.89508
6.17367
-0.346314
-7.17778
-8.36323
-1.17527
7.7043
6.51314
-4.60638
-8.04031
3.62345
7.76145
-5.51853
-5.18453
8.49977
-1.66892
-6.47233
8.61689
-4.6169
-1.57126
6.3921
-8.52414
8.39616
-7.07236
5.5022
-4.27791
3.68228
-3.80796
4.62918
-5.98667
7.49546
-8.44114
7.81737
-4.73374
-0.684323
6.31423
-8.26043
3.707
4.63933
-8.14741
1.27806
7.59757
-4.11851
-6.8522
4.05
7.51594
-1.12182
-7.87382
-4.64255
3.31275
7.78558
6.1599
1.01453
-4.03782
-7.00735
-7.74206
-7.03066
-5.77885
5.0725
5.41668
6.3739
7.6776
8.77681
8.79255
6.71704
2.06354
-4.10548
-8.58128
-7.38471
0.190632
7.99463
6.755
-3.60739
-8.71646
0.919663
8.86073
-1.48623
-8.3581
5.07424
4.983
-8.74171
3.50723
4.34441
-8.56547
7.63519
-3.52363
-1.16466
4.83115
-7.05815
8.12319
-8.50158
8.5787
-8.53918
8.342
-7.72828
6.27328
-3.55262
-0.497847
5.06911
-8.17503
7.29858
-1.53367
-5.85852
8.04968
-1.33152
-7.3058
5.44529
5.35679
-6.43422
-5.34938
5.29824
7.20195
-1.12182
-7.69335
-5.7785
1.16148
6.69605
7.72298
5.02903
0.915165
-2.78554
-5.30852
-6.6854
8.44756
8.2876
7.69893
6.38361
3.96996
0.281331
-4.22332
-8.03356
-8.75568
-4.56879
3.19821
8.77681
5.80882
-4.10548
-8.82148
-0.231441
8.86078
1.33295
-8.89713
0.919663
8.28688
-5.94742
-3.29022
8.72167
-6.4355
-0.133838
6.01281
-8.64793
8.16531
-5.92724
3.27647
-1.03763
-0.448468
1.11003
-0.957085
-0.00722029
1.76649
-4.16567
6.70803
-8.38752
7.81675
-3.9852
-2.35271
7.6801
-7.20598
-0.185595
7.67906
-5.5198
-4.74694
7.34434
3.40659
-7.26909
-4.74679
5.29824
7.51594
0.393554
-6.75144
-7.40171
-2.53876
3.38341
7.0725
7.78768
6.42401
4.23795
2.14998
-1.94904
-2.36401
-3.5736
-5.41906
-7.47819
-8.91685
-8.52358
-5.21628
0.837585
7.04654
8.8136
3.18906
-5.96615
-8.5171
0.30094
8.85798
2.47311
-8.58128
-1.90555
8.93405
-2.01279
-7.40852
7.7043
-0.236615
-6.94125
8.74064
-5.51853
0.281889
4.34441
-7.24487
8.50858
-8.73841
8.55372
-8.37775
8.39616
-8.56565
8.61413
-8.04584
6.2336
-2.72358
-2.18883
6.85459
-8.39913
4.53607
3.23468
-8.33438
4.32816
5.37055
-7.4201
-2.66631
7.9183
2.68772
-7.26909
-5.34938
4.05
8.04881
3.32783
-4.04667
-7.85239
-6.62266
-2.4347
2.06389
5.33669
7.08342
7.69153
-8.97243
-8.89088
-8.52864
-7.5517
-5.49948
-2.02928
2.62896
7.15064
9.06852
6.02412
-1.5297
-8.30284
-7.07407
2.51038
9.03053
1.96703
-8.52821
-3.03321
8.67613
0.8112
-8.82148
4.6004
4.85237
-8.91645
5.18814
1.84483
-7.19402
8.85031
-7.45507
4.61188
-1.66892
-0.652974
2.12828
-2.76671
2.61476
-1.66716
-0.112591
2.66372
-5.60365
7.99792
-8.37776
5.39308
0.750825
-6.92413
7.96104
-1.44054
-6.96372
6.66369
3.37722
-7.99065
-1.91665
7.9183
3.40659
-6.43422
-6.8522
1.17321
7.51697
6.73667
1.04693
-4.73569
-7.6689
-7.51682
-5.49014
-2.92538
-0.682968
1.91617
2.33484
3.55585
5.42102
7.50729
8.97585
8.60449
5.29553
-0.795496
-7.06945
-8.89088
-3.2586
5.97495
8.59732
-0.254849
-8.91685
-2.53824
8.63226
1.96703
-8.99972
1.98124
7.49127
-7.73865
0.190632
7.02349
-8.79924
5.52318
-0.236615
-4.41845
7.32639
-8.58422
8.8034
-8.60934
8.42856
-8.44794
8.62384
-8.68225
8.12319
-6.31252
2.78783
2.16104
-6.87938
8.46899
-4.60877
-3.21732
8.39197
-4.39945
-5.37689
7.49637
2.64433
-7.99065
-2.66631
7.34434
5.35679
-4.11851
-8.1056
-3.31358
4.11453
7.91955
6.64915
2.41264
-2.12039
-5.40797
-7.15463
-7.75548
8.61023
8.45213
7.8668
6.54959
4.118
0.383326
-4.20102
-8.11113
-8.91138
-4.72215
3.15559
8.88894
5.97115
-4.08128
-8.97243
-0.331958
8.98213
1.44889
-9.02528
0.837585
8.44756
-5.96615
-3.42935
8.87025
-6.4675
-0.231441
6.17367
-8.79577
8.25459
-5.94742
3.23848
-0.959666
-0.549298
1.22002
-1.06471
0.0861122
1.70208
-4.14762
6.75231
-8.49821
7.97148
-4.1267
-2.30046
7.75918
-7.3619
-0.0977721
7.76038
-5.67079
-4.74545
7.49637
3.37722
-7.4201
-4.74694
5.44529
7.59757
0.312327
-6.90077
-7.48146
-2.49559
3.5123
7.21746
7.89552
6.47333
4.23161
2.10205
-5.06646
-5.42254
-6.41527
-7.77597
-8.94514
-9.02324
-6.96779
-2.25369
4.06837
8.73431
7.63613
-0.0483569
-8.11113
-7.00479
3.55585
8.94594
-0.795496
-9.07558
1.37663
8.59732
-5.07095
-5.21628
8.92051
-3.45468
-4.56879
8.79255
-7.73865
3.47276
1.33295
-5.06002
7.30214
-8.3581
8.72167
-8.78974
8.75173
-8.56547
7.96486
-6.51119
3.76038
0.370333
-5.07357
8.32698
-7.5335
1.7037
5.89437
-8.26832
1.49611
7.40872
-5.67079
-5.37689
6.66369
5.37055
-5.5198
-7.3058
1.27806
7.90594
5.81985
-1.31687
-6.91796
-7.87294
-5.04492
-0.808897
2.968
5.52182
6.9005
-5.66139
-5.31119
-4.19319
-2.15611
0.868224
4.57155
7.93789
9.18569
6.50379
-0.160489
-7.27965
-8.68588
-1.40539
7.84081
6.84463
-4.57952
-8.36758
3.55585
8.09125
-5.53469
-5.49948
8.70764
-1.5297
-6.79995
8.84402
-4.59394
-1.80811
6.71704
-8.82148
8.60361
-7.17778
5.52318
-4.24353
3.62345
-3.75483
4.61188
-6.03525
7.63519
-8.67994
8.12638
-5.03142
-0.52078
6.38524
-8.53918
3.98391
4.62918
-8.42654
1.49611
7.76038
-4.39945
-6.96372
4.32816
7.67906
-1.33152
-8.14741
-4.64079
3.57281
8.05489
6.239
0.874033
-4.30808
-7.29521
-7.97205
-7.17507
-5.84371
9.00142
9.09421
9.25068
9.10093
8.05293
5.45627
1.03262
-4.44193
-8.64088
-8.35909
-2.15611
6.31493
8.8844
1.13857
-8.38954
-5.37552
6.81018
6.24002
-7.17464
-4.34797
8.88894
-1.22235
-7.5517
8.25913
-1.94904
-5.21628
8.8136
-8.21684
5.0725
-1.2989
-1.90555
4.12416
-5.40037
5.91389
-5.78219
4.983
-3.37307
0.808005
2.61503
-6.22359
8.55372
-7.70386
2.70196
4.50904
-8.59423
4.68218
4.62918
-8.26832
-0.0977721
8.39197
-1.44054
-8.33438
-0.185595
8.04968
4.63933
-4.32219
-8.22524
-4.53491
2.21023
7.00838
8.00393
6.04933
2.87304
-0.180057
-2.47855
-2.54639
-2.96478
-4.17658
-5.99906
-7.97275
-9.22519
-8.53443
-4.87857
1.4182
7.56488
8.89868
2.73832
-6.52765
-8.53518
0.868224
9.16124
1.99373
-8.94514
-1.40539
9.16705
-2.60207
-7.27408
8.16327
-0.795496
-6.76074
9.03391
-6.07833
0.837585
3.96996
-7.10637
8.57877
-8.95758
8.86078
-8.72089
8.73024
-8.84431
8.78319
-8.04476
6.01281
-2.28227
-2.75413
7.3298
-8.52414
4.19853
3.79546
-8.59423
3.98391
5.89437
-7.3619
-3.21732
7.96104
3.23468
-7.20598
-5.85852
3.707
8.28621
3.86293
-3.71078
-7.94783
-7.05227
-2.96099
1.63899
5.10461
7.04641
7.80629
-5.88547
-5.53778
-4.42425
-2.38436
0.664945
4.43193
7.90812
9.29325
6.71839
0.0501683
-7.22189
-8.84086
-1.62854
7.80841
7.05274
-4.44193
-8.53518
3.39697
8.26816
-5.42254
-5.72081
8.73431
-1.33873
-7.00479
8.88894
-4.46036
-2.02928
6.92086
-8.94509
8.63226
-7.12638
5.41668
-4.10548
3.47276
-3.60739
4.48416
-5.94742
7.61123
-8.74171
8.27932
-5.24452
-0.326459
6.31415
-8.64873
4.19853
4.50904
-8.53918
1.7037
7.75918
-4.60877
-6.92413
4.53607
7.6801
-1.53367
-8.26043
-4.52971
3.77832
8.16532
6.18037
0.697065
-4.50768
-7.44415
-8.04066
-7.16714
-5.7785
9.3532
9.33293
9.14809
8.43759
6.67311
3.38372
-1.37964
-6.44112
-9.28393
-7.13837
0.226065
7.90812
8.03708
-1.26085
-9.16526
-3.31204
8.24285
4.3474
-8.47717
-2.15611
9.21029
-3.53752
-6.0534
9.04042
-4.20102
-3.17106
8.09125
-8.9804
6.87904
-3.5736
0.412309
1.96703
-3.42935
4.04779
-3.89709
2.96544
-1.17527
-1.48623
4.72654
-7.66981
8.7885
-6.47233
0.498523
6.31415
-8.52414
2.70196
6.38524
-7.5335
-2.30046
8.46899
0.750825
-8.39913
-2.35271
7.29858
6.31423
-2.38925
-8.0896
-6.19806
0.117669
5.77372
8.10939
7.28266
4.74612
1.89451
-0.461173
-6.86469
-7.15841
-7.94152
-8.88756
-9.37901
-8.52843
-5.47359
-0.100554
6.0063
9.33136
6.35678
-2.24342
-9.05778
-5.53778
5.54236
8.44348
-2.96478
-8.84086
3.51861
7.82841
-6.82866
-3.40001
9.18569
-5.42254
-2.67084
8.27525
-8.75972
5.42102
-0.795496
-3.2586
6.02412
-7.57463
8.2876
-8.5171
8.44316
-8.02707
7.02349
-5.06002
1.84483
2.44773
-6.71338
8.8034
-6.47233
-0.326459
7.3298
-7.70386
-0.52078
8.32698
-4.1267
-6.87938
5.39308
6.85459
-3.9852
-8.17503
-0.684323
7.3121
7.1461
0.619334
-5.84876
-8.22708
-6.50013
-2.70859
1.17321
4.11453
5.92976
1.34038
1.77799
3.06307
5.05614
7.35349
9.11422
9.06139
5.96893
-0.177659
-6.86469
-9.27887
-3.94963
5.66135
9.04559
0.377295
-9.05778
-3.2226
8.68866
2.64392
-9.22519
1.4182
8.05293
-7.638
-0.435443
7.6121
-8.94514
5.18688
0.383326
-5.08585
7.88368
-8.97243
9.03391
-8.72917
8.49745
-8.52821
8.77681
-8.96322
8.56743
-6.90824
3.44245
1.6351
-6.71338
8.7885
-5.24452
-2.75413
8.55372
-5.03142
-5.07357
7.97148
2.16104
-8.37776
-2.18883
7.81675
5.06911
-4.73374
-8.27729
-2.88491
4.72145
8.24278
6.52252
1.94486
-2.71991
-5.96719
-7.58696
-8.04774
4.02523
3.61807
2.35225
0.151699
-2.91427
-6.34878
-8.96837
-9.00562
-5.0381
2.21162
8.51909
8.0007
-0.619975
-8.88756
-5.47359
6.33787
7.53057
-5.42423
-7.13837
7.13658
3.87482
-9.2646
3.51861
5.45627
-9.23743
6.31493
-0.160489
-5.37552
8.45213
-9.13172
8.34622
-7.06945
5.97495
-5.41906
5.53127
-6.27783
7.44889
-8.58128
8.89508
-7.40852
3.44245
2.44773
-7.66981
8.27932
-2.28227
-6.22359
8.12638
0.370333
-8.49821
2.78783
7.99792
-2.72358
-8.38752
-0.497847
7.81737
6.14868
-1.92066
-7.7412
-7.38949
-2.66631
2.78199
6.53821
8.05489
7.9231
7.02073
-7.58743
-7.3117
-6.38976
-4.58031
-1.64786
2.33439
6.56919
9.28182
8.20979
2.35225
-5.6641
-9.40703
-3.8654
6.45351
8.43017
-2.36536
-9.27887
1.22086
9.14809
-3.49911
-7.41365
7.90812
0.925412
-8.35259
8.24285
-2.42531
-4.19319
8.26816
-9.15422
7.84081
-5.65052
3.55585
-2.06687
1.37663
-1.5297
2.51038
-4.22332
6.3739
-8.29919
8.89508
-6.90824
1.84483
4.72654
-8.74171
6.01281
2.61503
-8.67994
3.76038
6.75231
-6.31252
-5.60365
6.2336
6.70803
-3.55262
-8.44114
-2.73237
5.54668
8.32986
4.74641
-1.33152
-6.11772
-8.12306
-7.76281
-6.16242
-4.32398
9.20859
9.08873
8.60928
7.43463
5.11904
1.37425
-3.4583
-7.90466
-9.40185
-5.70309
2.33439
8.93867
6.89004
-3.3339
-9.40703
-1.31415
9.11422
2.45088
-9.22128
-0.100554
9.04559
-5.42423
-4.42425
9.29325
-5.99906
-1.19632
7.05274
-9.22038
8.14975
-5.42254
2.45431
-0.0483569
-1.508
2.18953
-2.02928
1.02538
0.837585
-3.45468
6.3739
-8.58128
8.56743
-5.06002
-1.48623
7.61123
-8.04476
0.808005
7.63519
-6.51119
-4.14762
8.12319
2.66372
-8.04584
-4.16567
6.27328
7.49546
-0.552658
-7.57316
-7.37452
-1.74981
4.39279
7.80649
8.02365
6.18037
3.64754
1.35622
-9.50849
-9.52167
-9.43434
-8.87269
-7.27447
-4.10164
0.692515
6.01955
9.34967
7.70486
0.484217
-7.64964
-8.51634
0.574268
9.18778
4.02523
-8.042
-5.0381
8.32201
2.87564
-9.37074
2.93984
6.67311
-9.05778
3.64087
3.87482
-8.53443
9.00142
-6.52765
2.9891
0.273428
-2.67084
4.118
-4.72215
4.57295
-3.65514
1.86921
0.837585
-4.22332
7.44889
-8.96322
7.02349
-1.17527
-5.94742
8.78319
-3.37307
-6.03525
7.96486
1.70208
-8.68225
-0.112591
8.61413
1.76649
-7.72828
-5.98667
3.03741
8.35624
5.87079
-0.750427
-6.30631
-8.30406
-7.11496
-4.31516
-1.32334
1.0809
9.22731
9.33232
9.52216
9.41568
8.39862
5.78691
1.26637
-4.3987
-8.83185
-8.69999
-2.41923
6.35931
9.20859
1.37425
-8.56213
-5.70309
6.88223
6.57767
-7.26808
-4.65723
9.11422
-1.06088
-7.89319
8.42754
-1.81356
-5.53778
9.12518
-8.38556
5.0635
-1.14303
-2.15611
4.42411
-5.72081
6.24002
-6.1062
5.29553
-3.65514
1.02538
2.51038
-6.27783
8.77681
-8.02707
2.96544
4.48416
-8.84431
4.983
4.61188
-8.56547
0.0861122
8.62384
-1.66716
-8.56565
-0.00722029
8.342
4.62918
-4.60877
-8.4704
-4.52279
2.45035
7.3121
8.22237
6.11666
2.79593
-0.360976
-2.71991
-8.91926
-9.07284
-9.41141
-9.55617
-8.87459
-6.61398
-2.31883
3.43698
8.4007
9.10023
3.43936
-5.54603
-9.43434
-2.41923
8.07638
6.52751
-6.13178
-7.3117
6.56919
5.55594
-8.82156
0.0133988
8.43017
-7.94152
0.781831
6.35678
-9.2967
7.90812
-4.17658
0.112206
3.15195
-5.31119
6.50379
-6.96779
6.84463
-6.1062
4.57295
-2.02928
-1.5297
5.53127
-8.52821
8.44316
-3.89709
-3.60739
8.73024
-5.78219
-3.75483
8.75173
-1.06471
-8.44794
2.61476
8.39616
-0.957085
-8.53918
-3.80796
5.39308
8.39163
3.70854
-3.34112
-7.74133
-8.0404
-5.46747
-1.91665
1.27806
3.57281
8.87952
9.04091
9.40326
9.58777
8.95839
6.75089
2.48702
-3.28879
-8.34104
-9.17231
-3.60356
5.42332
9.47925
2.58634
-8.00779
-6.66391
6.01955
7.43463
-6.46553
-5.70309
8.78415
0.151699
-8.52315
7.87277
-0.619975
-6.49217
9.33293
-7.84068
4.04091
0.0501683
-3.31204
5.45627
-6.63364
7.0894
-6.96779
6.24002
-4.72215
2.18953
1.37663
-5.41906
8.49745
-8.5171
4.04779
3.47276
-8.72089
5.91389
3.62345
-8.78974
1.22002
8.42856
-2.76671
-8.37775
1.11003
8.5787
3.68228
-5.52204
-8.38752
-3.58386
3.48483
7.81665
8.01967
5.37055
1.77994
-1.42388
-3.71078
-9.15516
-9.28396
-9.5456
-9.55701
-8.69041
-6.22385
-1.77386
3.97918
8.69837
8.95839
2.92061
-6.02555
-9.38857
-1.87906
8.4007
6.13811
-6.58233
-6.97693
6.99562
5.11904
-9.04844
0.574268
8.20979
-8.26491
1.34038
5.96893
-9.27887
8.22665
-4.68463
0.664945
2.64392
-4.87857
6.13639
-6.63364
6.50379
-5.72081
4.118
-1.508
-2.06687
5.97495
-8.72917
8.2876
-3.42935
-4.10548
8.86078
-5.40037
-4.24353
8.72167
-0.549298
-8.60934
2.12828
8.55372
-0.448468
-8.50158
-4.27791
5.01613
8.50058
4.17396
-2.89084
-7.57316
-8.2018
-5.85852
-2.40262
0.797275
3.14465
9.5475
9.6005
9.63122
9.25638
7.88183
4.89749
0.140523
-5.42207
-9.28396
-8.26384
-1.32679
7.22215
8.95839
0.256292
-9.07284
-4.8166
7.67743
5.78691
-8.00779
-3.69236
9.41806
-2.17915
-7.3117
8.93867
-2.91427
-4.65723
8.93301
-8.88756
6.0063
-2.24342
-1.08988
3.4719
-4.87857
5.45627
-5.31119
4.42411
-2.67084
-0.0483569
3.55585
-7.06945
9.03391
-7.57463
1.96703
5.41668
-8.95758
4.12416
5.52318
-8.3581
-0.959666
8.8034
-0.652974
-8.73841
-1.03763
8.12319
5.5022
-3.76621
-8.54631
-5.38846
1.49611
6.84631
8.40879
6.80439
3.73277
0.619334
-1.80589
-9.5913
-9.52385
-9.19535
-8.24482
-6.16524
-2.55563
2.39572
7.33526
9.64241
6.7012
-1.2183
-8.64794
-7.76392
2.27042
9.57771
2.48702
-8.91926
-3.60356
9.10178
1.26637
-9.43434
4.53445
5.49021
-9.45395
5.17821
2.35225
-7.87055
9.38597
-7.69742
4.55406
-1.37964
-1.08988
2.64392
-3.31204
3.15195
-2.15611
0.273428
2.45431
-5.65052
8.34622
-8.97243
6.02412
0.412309
-7.12638
8.57877
-1.90555
-7.17778
7.30214
3.23848
-8.58422
-1.66892
8.50858
3.27647
-7.05815
-7.07236
1.60942
8.11272
6.95016
0.750825
-5.31733
-8.23291
-7.86678
-5.57119
-2.7753
-0.372698
8.57509
8.35282
7.57691
5.95687
3.15999
-0.887854
-5.54615
-9.09204
-9.04462
-3.84339
4.51266
9.6005
5.2833
-5.42207
-9.18457
0.93222
9.5934
0.256292
-9.55617
2.14599
8.39862
-7.2012
-2.41923
9.08873
-7.64964
1.01873
5.55594
-9.00562
9.11422
-7.15841
4.55406
-2.24342
0.664945
0.0501683
0.112206
-1.14303
2.9891
-5.42254
7.84081
-9.13172
7.88368
-3.2586
-3.5736
8.63226
-7.10637
-1.2989
8.60361
-5.06002
-5.94742
7.32639
4.61188
-7.24487
-5.92724
4.83115
8.39616
1.4785
-6.61872
-8.27627
-3.69567
2.66006
7.07284
8.41703
7.42492
5.37055
3.2678
-5.74216
-5.36662
-4.17208
-2.00915
1.17614
5.03542
8.47888
9.63514
6.64984
-0.432645
-7.81366
-9.04462
-1.21711
8.3789
7.0204
-5.04137
-8.69041
3.97918
8.38495
-6.02555
-5.57341
9.22731
-1.86429
-6.97693
9.34967
-5.05172
-1.64786
6.89004
-9.22783
9.11422
-7.69742
6.0063
-4.68463
4.04091
-4.17658
5.0635
-6.52765
8.14975
-9.15422
8.45213
-5.08585
-0.795496
6.87904
-8.94509
3.96996
5.0725
-8.82148
1.33295
8.25459
-4.41845
-7.45507
4.34441
8.16531
-1.16466
-8.52414
-5.07357
3.54407
8.42896
6.70803
1.1496
-4.33339
-7.57316
-8.39288
-7.64048
-6.29581
0.821822
0.364004
-1.01002
-3.24115
-6.03626
-8.63605
-9.70657
-7.70078
-2.00915
5.42033
9.65921
5.95687
-3.96229
-9.66216
-2.55563
8.59455
5.2833
-7.96785
-4.73957
9.04091
0.707508
-9.17231
6.47717
2.58634
-8.87269
8.51124
-3.4583
-2.5182
6.89004
-9.00562
9.38597
-8.88756
8.22665
-7.84068
7.90812
-8.38556
9.00142
-9.22038
8.26816
-5.37552
0.383326
5.42102
-8.9804
6.92086
0.837585
-8.21684
6.71704
3.47276
-8.79577
-0.236615
8.85031
0.281889
-8.64793
-3.52363
6.3921
8.00455
1.07561
-6.35193
-8.50542
-5.38846
-0.0977721
4.53607
7.29858
8.30181
8.22237
5.16169
5.5455
6.61951
8.10578
9.41867
9.6048
7.54078
2.62506
-4.08981
-9.17737
-8.22417
-0.193382
8.47888
7.57691
-3.54198
-9.52385
0.600218
9.63122
-1.2183
-9.18457
5.17096
5.72297
-9.41141
3.43698
5.0468
-9.36316
8.07638
-3.4583
-1.64786
5.55594
-7.87055
8.93301
-9.27887
9.33293
-9.2967
9.12518
-8.53443
7.05274
-4.19319
-0.160489
5.18688
-8.75972
8.09125
-2.02928
-6.07833
8.8136
-1.80811
-7.73865
6.17367
5.52318
-7.19402
-5.51853
6.01281
7.63519
-1.57126
-8.43335
-6.01162
1.60942
7.44069
8.29281
5.17711
0.644438
-3.34112
-6.00076
-7.41124
-9.39744
-9.51201
-9.72806
-9.65589
-8.66424
-6.04302
-1.45005
4.36046
8.97472
8.96155
2.62506
-6.38854
-9.45646
-1.55935
8.69071
5.95687
-6.93286
-6.83861
7.33526
4.89749
-9.28396
0.93222
8.15595
-8.55295
1.70477
5.78691
-9.36316
8.51124
-5.05172
1.01873
2.35225
-4.65723
5.96893
-6.49217
6.35678
-5.53778
3.87482
-1.19632
-2.42531
6.31493
-8.94514
8.27525
-3.17106
-4.46036
9.03391
-5.21628
-4.59394
8.79255
-0.231441
-8.79924
1.84483
8.74064
-0.133838
-8.56547
-4.6169
4.83115
8.65645
4.50904
-2.63796
-7.54553
-8.38752
-6.16426
-2.73237
0.503707
2.90827
8.3142
8.06149
7.19842
5.45076
2.52361
-1.58958
-6.15934
-9.39744
-8.8668
-3.23313
5.16169
9.73766
4.74172
-6.03626
-9.04792
1.6287
9.67343
-0.432645
-9.5913
2.83367
8.13479
-7.70498
-1.77386
8.95839
-8.11058
1.70477
5.0468
-8.87269
9.34967
-7.64964
5.17821
-2.91427
1.34038
-0.619975
0.781831
-1.81356
3.64087
-5.99906
8.24285
-9.23743
7.6121
-2.67084
-4.20102
8.88894
-6.76074
-1.94904
8.84402
-4.56879
-6.4675
7.02349
5.18814
-6.94125
-6.4355
4.34441
8.61689
2.10361
-6.27162
-8.49821
-4.27791
2.09818
6.79155
8.47877
7.76038
5.87079
3.84242
-0.880183
-0.419049
0.965624
3.21636
6.04095
8.67743
9.78224
7.79088
2.07543
-5.41809
-9.72806
-6.04302
3.94481
9.73685
2.62506
-8.63605
-5.36662
7.99914
4.82041
-9.09204
-0.764266
9.25638
-6.48843
-2.65528
8.95839
-8.55295
3.43698
2.58634
-6.97693
9.08873
-9.45395
8.93867
-8.26491
7.87277
-7.94152
8.42754
-9.05778
9.29325
-8.35259
5.45627
-0.435443
-5.42254
9.04042
-7.00479
-0.795496
8.25913
-6.79995
-3.45468
8.87025
0.190632
-8.91645
-0.236615
8.72167
3.50723
-6.47233
-8.04711
-1.03763
6.43123
8.56426
5.39368
0.0528405
-4.60877
-7.37634
-8.37055
-8.27729
-7.87039
-8.13804
-8.83019
-9.58627
-9.74975
-8.42448
-4.82332
0.965624
7.06704
9.78224
5.82773
-3.36927
-9.67751
-4.90207
6.61951
8.33433
-4.08981
-8.87109
4.63929
7.57691
-7.81366
-2.55563
9.46956
-6.48843
-1.77386
8.15595
-9.41141
6.47717
-1.86429
-2.41923
5.49021
-7.3117
8.20979
-8.52315
8.43017
-7.89319
6.67311
-4.42425
0.925412
3.51861
-7.638
9.18569
-6.0534
-1.33873
8.16327
-7.5517
-1.5297
8.92051
-3.42935
-7.73865
4.85237
7.7043
-3.29022
-8.74171
-1.66892
7.13887
7.92239
1.58987
-5.4155
-8.53918
-7.32966
-3.69567
0.30255
3.48483
5.54668
8.754
8.53268
7.75723
6.12997
3.30711
-0.796858
-5.54435
-9.19426
-9.2187
-3.99772
4.48863
9.73629
5.45076
-5.41809
-9.35473
0.842735
9.73766
0.364004
-9.70657
2.0776
8.57509
-7.2428
-2.55563
9.25638
-7.70498
0.93222
5.72297
-9.17231
9.22731
-7.2012
4.53445
-2.17915
0.574268
0.151699
0.0133988
-1.06088
2.93984
-5.42423
7.90812
-9.2646
8.05293
-3.40001
-3.53752
8.73431
-7.27408
-1.22235
8.70764
-5.21628
-5.96615
7.49127
4.6004
-7.40852
-5.94742
4.983
8.49977
1.40864
-6.77871
-8.37775
-3.66838
2.78783
7.23034
8.54487
7.49546
5.38286
3.23468
1.08959
1.54973
2.90524
5.02194
7.49391
9.45426
9.5606
6.48569
0.128829
-6.9649
-9.74975
-4.41541
5.67097
9.53998
0.707455
-9.39744
-3.66347
8.97472
3.06385
-9.61247
1.17614
8.57509
-7.81366
-0.764266
8.13479
-9.28396
5.17096
0.707508
-5.57341
8.39862
-9.43434
9.41806
-9.04844
8.78415
-8.82156
9.11422
-9.37074
9.04559
-7.41365
3.87482
1.4182
-6.82866
9.21029
-5.72081
-2.60207
8.88894
-5.49948
-5.07095
8.44756
1.98124
-8.82148
-2.01279
8.28688
5.07424
-5.18453
-8.60934
-2.75413
5.16768
8.65026
6.652
1.76649
-3.10307
-6.42629
-8.03005
-8.43382
-9.74288
-9.80448
-9.85822
-9.51147
-8.15233
-5.14503
-0.301472
5.41536
9.45426
8.53268
1.51291
-7.28317
-9.2187
-0.419049
9.22964
5.0617
-7.75935
-6.04302
8.10578
3.92014
-9.61247
2.0776
7.57691
-9.09204
2.83367
4.89749
-9.18457
9.04091
-6.02555
2.14599
1.26637
-3.69236
5.11904
-5.70309
5.55594
-4.65723
2.87564
-0.100554
-3.49911
7.13658
-9.22519
7.82841
-2.15611
-5.42254
9.16705
-4.34797
-5.53469
8.59732
0.837585
-8.99972
0.8112
8.93405
0.919663
-8.3581
-5.51853
3.97874
8.75065
5.40295
-1.66716
-7.08364
-8.59423
-6.87938
-3.69567
-0.497847
1.97911
3.21042
2.76643
1.40177
-0.920473
-4.05621
-7.39978
-9.65961
-9.04849
-4.33035
3.34542
9.3154
7.75723
-1.71532
-9.58627
-4.82332
7.37858
7.19842
-6.50979
-6.73805
8.10578
3.06385
-9.70657
4.63929
4.82041
-9.5913
7.33526
-1.2183
-4.73957
8.38495
-9.55617
9.10178
-8.00779
6.99562
-6.46553
6.56919
-7.26808
8.32201
-9.22128
9.14809
-7.13837
2.64392
3.51861
-8.47717
8.26816
-1.40539
-7.17464
8.09125
1.37663
-9.02528
1.96703
8.67613
-1.90555
-8.89713
-1.48623
7.76145
7.0522
-1.06471
-7.69286
-8.12063
-3.66838
2.00695
6.2336
8.22397
8.44674
7.76038
9.06973
9.24535
9.64749
9.88711
9.30653
7.10626
2.76643
-3.19092
-8.49157
-9.51147
-3.90817
5.41536
9.79245
2.86707
-8.13804
-7.01629
6.04095
7.79088
-6.50979
-6.04302
8.97472
0.364004
-8.87109
7.99914
-0.432645
-6.83861
9.63122
-7.96785
3.97918
0.256292
-3.60356
5.78691
-6.97693
7.43463
-7.3117
6.57767
-5.0381
2.45088
1.22086
-5.42423
8.68866
-8.84086
4.3474
3.39697
-8.94514
6.24002
3.55585
-9.07558
1.44889
8.63226
-3.03321
-8.58128
1.33295
8.86073
3.62345
-5.83412
-8.60934
-3.52363
3.76038
8.12319
8.21058
5.39368
1.65573
-1.64631
-3.9852
-3.81703
-3.38193
-2.03566
0.284113
3.4752
6.98038
9.53454
9.30653
4.90575
-2.7471
-9.11431
-8.15233
1.08959
9.45426
5.37856
-6.9649
-7.63098
6.04095
7.19842
-7.75935
-3.66347
9.73766
-4.08981
-5.36662
9.67343
-6.93286
0.600218
5.2833
-8.69041
9.5934
-8.91926
7.67743
-6.58233
6.01955
-6.13178
6.88223
-8.042
9.11422
-9.27887
7.53057
-3.2226
-2.96478
8.24285
-8.53518
1.99373
6.81018
-8.36758
-0.795496
8.98213
-2.53824
-8.52821
2.47311
8.86078
0.919663
-8.04031
-6.71338
1.62935
7.96486
7.92239
3.16196
-2.55102
-6.61872
-8.37776
-8.38752
-7.54553
-9.51113
-9.63228
-9.86638
-9.818
-8.84437
-6.21771
-1.57659
4.33208
9.06973
9.13874
2.76643
-6.406
-9.62395
-1.68682
8.77596
6.12997
-6.9649
-7.01629
7.37858
5.0617
-9.39744
0.842735
8.33433
-8.63605
1.6287
5.95687
-9.52385
8.59455
-5.04137
0.93222
2.48702
-4.8166
6.13811
-6.66391
6.52751
-5.70309
4.02523
-1.31415
-2.36536
6.33787
-9.05778
8.44348
-3.31204
-4.44193
9.16124
-5.37552
-4.57952
8.94594
-0.331958
-8.91685
1.96703
8.85798
-0.231441
-8.71646
-4.60638
4.983
8.78149
4.49756
-2.76671
-7.70386
-8.49821
-6.19454
-2.68718
0.602307
3.03741
0.823886
0.356717
-1.04518
-3.32092
-6.17053
-8.81842
-9.90336
-7.84845
-2.03566
5.54271
9.85684
6.06647
-4.05621
-9.85822
-2.59353
8.77596
5.37856
-8.13804
-4.82332
9.22964
0.707455
-9.35473
6.61951
2.62506
-9.04792
8.69071
-3.54198
-2.55563
7.0204
-9.18457
9.57771
-9.07284
8.4007
-8.00779
8.07638
-8.56213
9.18778
-9.40703
8.43017
-5.47359
0.377295
5.54236
-9.16526
7.05274
0.868224
-8.38954
6.84463
3.55585
-8.97243
-0.254849
9.03053
0.30094
-8.82148
-3.60739
6.51314
8.1724
1.11044
-6.47233
-8.67994
-5.50803
-0.112591
4.61755
7.44069
8.46899
8.39163
9.70837
9.59747
9.13805
7.9732
5.62146
1.7518
-3.32092
-8.0917
-9.87165
-6.21771
2.13418
9.24535
7.42231
-3.19092
-9.85822
-1.68682
9.45426
2.86707
-9.58627
-0.419049
9.53998
-5.41809
-4.90207
9.73685
-6.03626
-1.55935
7.57691
-9.66216
8.3789
-5.42207
2.27042
0.256292
-1.87906
2.58634
-2.41923
1.37425
0.574268
-3.3339
6.45351
-8.88756
9.04559
-5.53778
-1.26085
7.80841
-8.53518
1.13857
7.84081
-7.00479
-4.08128
8.59732
2.51038
-8.5171
-4.10548
6.755
7.7043
-0.861237
-8.04476
-7.57781
-1.55597
4.83115
8.25766
8.32698
6.28242
3.5696
1.1496
5.67039
6.04898
7.10071
8.52881
9.72195
9.70837
7.37941
2.21049
-4.60549
-9.51113
-8.12505
0.284113
8.87395
7.42231
-4.05621
-9.62395
1.08959
9.79245
-1.71532
-9.2187
5.67097
5.45076
-9.67751
3.94481
4.74172
-9.45646
8.47888
-3.96229
-1.21711
5.2833
-7.76392
8.95839
-9.38857
9.47925
-9.43434
9.20859
-8.51634
6.89004
-3.8654
-0.619975
5.66135
-9.05778
8.03708
-1.62854
-6.52765
8.8844
-1.40539
-8.11113
5.97115
5.97495
-7.07407
-5.96615
5.80882
7.99463
-1.17527
-8.48931
-6.4355
1.22002
7.37039
8.55372
5.61086
1.07561
-3.02101
-5.82445
-7.3619
-4.57727
-4.15539
-2.83837
-0.531551
2.71688
6.4141
9.33418
9.59747
5.62146
-1.96971
-8.81842
-8.62357
0.284113
9.24535
6.06647
-6.406
-8.15233
5.41536
7.75723
-7.28317
-4.41541
9.73629
-3.36927
-6.04302
9.73766
-6.38854
-0.193382
5.95687
-9.04462
9.6005
-8.64794
7.22215
-6.02555
5.42332
-5.54603
6.35931
-7.64964
8.93867
-9.40703
8.0007
-3.94963
-2.24342
7.90812
-8.84086
2.73832
6.31493
-8.68588
-0.0483569
8.88894
-3.2586
-8.30284
3.18906
8.77681
0.190632
-8.36323
-6.25137
2.34513
8.27932
7.63519
2.50044
-3.23659
-7.08364
-8.53918
-8.27627
-7.23866
-9.90967
-9.85008
-9.54076
-8.60672
-6.5166
-2.83837
2.26287
7.42067
9.93603
7.05761
-1.04518
-8.81842
-8.12505
2.13418
9.85684
2.76643
-9.11431
-3.90817
9.3154
1.51291
-9.74975
4.48863
5.82773
-9.72806
5.16169
2.62506
-8.22417
9.65921
-7.81366
4.51266
-1.2183
-1.32679
2.92061
-3.60356
3.43936
-2.41923
0.484217
2.33439
-5.6641
8.51909
-9.27887
6.35678
0.226065
-7.22189
8.89868
-2.15611
-7.27965
7.63613
3.15559
-8.89088
-1.5297
8.8136
3.19821
-7.38471
-7.17778
1.84483
8.42158
7.0522
0.587082
-5.62445
-8.52414
-8.04158
-5.60365
-2.68718
-0.202006
-6.9955
-7.32224
-8.20193
-9.29642
-9.956
-9.22818
-6.15434
-0.531551
6.04898
9.87286
7.05761
-1.96971
-9.51113
-6.21771
5.54271
9.13874
-2.7471
-9.51147
3.34542
8.53268
-6.9649
-3.99772
9.78224
-5.41809
-3.23313
8.96155
-9.17737
5.42033
-0.432645
-3.84339
6.7012
-8.26384
8.95839
-9.17231
9.10023
-8.69999
7.70486
-5.70309
2.35225
2.21162
-6.86469
9.33136
-7.13837
0.0501683
7.56488
-8.35909
-0.160489
8.73431
-4.72215
-7.06945
6.02412
7.04654
-4.56879
-8.58128
-0.346314
7.94544
7.38971
0.281889
-6.47233
-8.73841
-6.67272
-2.52589
1.60942
4.68218
6.53967
0.237283
-0.233032
-1.63648
-3.88867
-6.65319
-9.11715
-9.90967
-7.51358
-1.46496
6.04898
9.93603
5.62146
-4.60549
-9.87165
-2.03566
9.06973
4.90575
-8.49157
-4.33035
9.45426
0.128829
-9.2187
7.06704
2.07543
-8.8668
8.97472
-4.08981
-2.00915
6.64984
-9.04462
9.64241
-9.28396
8.69837
-8.34104
8.4007
-8.83185
9.34967
-9.40185
8.20979
-5.0381
-0.177659
6.0063
-9.28393
6.71839
1.4182
-8.64088
6.50379
4.06837
-8.91138
-0.795496
9.06852
0.837585
-8.75568
-4.10548
6.17367
8.40181
1.6351
-6.13986
-8.7698
-5.92724
-0.629035
4.19853
7.20968
8.42896
8.50058
6.66415
6.30626
5.15199
3.01245
-0.233032
-4.31701
-8.20193
-9.96269
-7.51358
-0.531551
7.42067
9.59747
2.21049
-8.0917
-7.84845
4.33208
9.30653
-3.19092
-9.04849
5.41536
6.48569
-9.19426
0.965624
7.79088
-9.39744
4.36046
2.62506
-7.70078
9.63514
-9.09204
7.33526
-5.42207
3.97918
-3.28879
3.43698
-4.3987
6.01955
-7.90466
9.28182
-9.00562
5.96893
-0.100554
-6.44112
9.29325
-4.87857
-4.44193
9.18569
-2.25369
-8.11113
5.29553
7.15064
-5.21628
-8.03356
2.06354
8.89508
4.48416
-4.41845
-8.78974
-6.32956
-0.326459
5.16768
8.12319
8.56426
7.47674
5.89437
9.73069
9.61367
9.13576
7.94038
5.54933
1.6411
-3.45165
-8.20193
-9.90967
-6.15434
2.26287
9.33418
7.37941
-3.32092
-9.90336
-1.57659
9.53454
2.76643
-9.65961
-0.301472
9.5606
-5.54435
-4.82332
9.78224
-6.15934
-1.45005
7.54078
-9.70657
8.47888
-5.54615
2.39572
0.140523
-1.77386
2.48702
-2.31883
1.26637
0.692515
-3.4583
6.56919
-8.96837
9.06139
-5.47359
-1.37964
7.90812
-8.53443
1.03262
7.93789
-6.96779
-4.20102
8.60449
2.62896
-8.52358
-4.22332
6.71704
7.79698
-0.757723
-8.04031
-7.66981
-1.66892
4.76654
8.26623
8.39616
6.38524
3.68228
1.25835
9.56805
9.69254
9.93584
9.89964
8.93535
6.30626
1.6411
-4.31701
-9.11715
-9.22818
-2.83837
6.4141
9.70837
1.7518
-8.81842
-6.21771
6.98038
7.10626
-7.39978
-5.14503
9.45426
-0.796858
-8.42448
8.67743
-1.58958
-6.04302
9.6048
-8.63605
5.03542
-0.887854
-2.55563
4.89749
-6.22385
6.75089
-6.61398
5.78691
-4.10164
1.37425
2.33439
-6.34878
9.11422
-8.52843
3.38372
4.43193
-9.22519
5.45627
4.57155
-9.02324
0.383326
8.97585
-2.02928
-8.91685
0.281331
8.79255
4.6004
-5.06002
-8.84431
-4.4911
2.8322
7.78384
8.55372
6.20922
2.66372
-0.652659
-3.10307
7.53837
7.83896
8.63357
9.56805
9.98064
8.93535
5.54933
-0.233032
-6.65319
-9.956
-6.5166
2.71688
9.72195
5.62146
-6.17053
-8.84437
3.4752
9.30653
-4.05621
-8.15233
7.49391
3.30711
-9.74975
6.04095
2.52361
-8.66424
9.41867
-6.03626
1.17614
3.15999
-6.16524
7.88183
-8.69041
8.95839
-8.87459
8.39862
-7.27447
5.11904
-1.64786
-2.91427
7.35349
-9.37901
6.67311
0.664945
-7.97275
8.05293
0.868224
-8.94514
4.118
7.50729
-5.49948
-7.47819
3.96996
8.77681
1.03247
-7.63426
-7.76141
-0.959666
6.01281
8.75065
7.09903
3.16196
-0.957085
-4.1267
-6.11393
5.0063
5.40836
6.53879
8.1221
9.56805
9.89964
7.94038
3.01245
-3.88867
-9.29642
-8.60672
-0.531551
8.52881
7.9732
-3.32092
-9.818
0.284113
9.88711
-0.920473
-9.51147
5.02194
6.12997
-9.58627
3.21636
5.45076
-9.65589
8.10578
-3.24115
-2.00915
5.95687
-8.24482
9.25638
-9.55701
9.58777
-9.55617
9.41568
-8.87269
7.43463
-4.58031
0.151699
5.05614
-8.88756
8.43759
-2.38436
-5.99906
9.10093
-2.15611
-7.77597
6.54959
5.42102
-7.5517
-5.41906
6.38361
7.6776
-1.90555
-8.71646
-5.94742
1.94061
7.77338
8.42856
5.07423
0.370333
-3.6904
-6.35193
-7.72828
2.8473
3.29576
4.59308
6.53879
8.63357
9.93584
9.13576
5.15199
-1.63648
-8.20193
-9.54076
-2.83837
7.10071
9.13805
-1.04518
-9.86638
-2.03566
9.64749
1.40177
-9.85822
2.90524
7.75723
-8.83019
0.965624
7.19842
-9.72806
6.61951
-1.01002
-4.17208
7.57691
-9.19535
9.63122
-9.5456
9.40326
-9.41141
9.52216
-9.43434
8.60928
-6.38976
2.35225
3.06307
-7.94152
9.14809
-4.42425
-4.17658
9.25068
-4.19319
-6.41527
7.8668
3.55585
-8.52864
-3.5736
7.69893
6.3739
-3.89709
-8.91645
-4.24353
3.90259
8.52528
7.63519
3.27647
-1.66716
-5.4155
-7.5335
-8.37776
1.4678
1.93231
3.29576
5.40836
7.83896
9.69254
9.61367
6.30626
-0.233032
-7.32224
-9.85008
-4.15539
6.04898
9.59747
0.356717
-9.63228
-3.38193
9.24535
2.76643
-9.80448
1.54973
8.53268
-8.13804
-0.419049
8.06149
-9.51201
5.5455
0.364004
-5.36662
8.35282
-9.52385
9.6005
-9.28396
9.04091
-9.07284
9.33232
-9.52167
9.08873
-7.3117
3.61807
1.77799
-7.15841
9.33293
-5.53778
-2.96478
9.09421
-5.31119
-5.42254
8.45213
2.33484
-8.89088
-2.36401
8.2876
5.41668
-4.9955
-8.79924
-3.10154
4.983
8.75173
6.95243
2.10361
-2.85283
-6.31252
-8.04584
-8.54631
1
1.4678
2.8473
5.0063
7.53837
9.56805
9.73069
6.66415
0.237283
-6.9955
-9.90967
-4.57727
5.67039
9.70837
0.823886
-9.51113
-3.81703
9.06973
3.21042
-9.74288
1.08959
8.754
-7.87039
-0.880183
8.3142
-9.39744
5.16169
0.821822
-5.74216
8.57509
-9.5913
9.5475
-9.15516
8.87952
-8.91926
9.22731
-9.50849
9.20859
-7.58743
4.02523
1.34038
-6.86469
9.3532
-5.88547
-2.54639
9.00142
-5.66139
-5.06646
8.61023
1.91617
-8.97243
-1.94904
8.44756
5.0725
-5.34054
-8.72089
-2.70589
5.32208
8.7885
6.69318
1.70208
-3.23659
-6.58437
-8.18134
-8.56463
