#! FIELDS time emgrad
 0.000000 16408.713302
 1.000000 16408.699892
 2.000000 16408.696535
 3.000000 16408.699920
 4.000000 16408.701939
 5.000000 16408.701787
 6.000000 16408.692352
 7.000000 16408.698526
 8.000000 16408.698859
 9.000000 16408.697122
 10.000000 16408.695571
 11.000000 16408.696923
 12.000000 16408.690533
 13.000000 16408.691473
 14.000000 16408.695593
 15.000000 16408.692891
 16.000000 16408.692329
 17.000000 16408.690661
 18.000000 16408.694168
 19.000000 16408.693487
 20.000000 16408.700999
 21.000000 16408.699191
 22.000000 16408.697636
 23.000000 16408.692604
 24.000000 16408.689513
 25.000000 16408.698692
 26.000000 16408.689492
 27.000000 16408.689909
 28.000000 16408.695869
 29.000000 16408.693793
 30.000000 16408.698959
 31.000000 16408.697338
 32.000000 16408.701817
 33.000000 16408.703505
 34.000000 16408.698244
 35.000000 16408.695387
 36.000000 16408.698709
 37.000000 16408.694050
 38.000000 16408.690201
 39.000000 16408.697332
 40.000000 16408.697416
 41.000000 16408.703756
 42.000000 16408.698718
 43.000000 16408.697519
 44.000000 16408.693896
 45.000000 16408.694036
 46.000000 16408.700339
 47.000000 16408.697239
 48.000000 16408.702223
 49.000000 16408.695808
 50.000000 16408.705323
 51.000000 16408.701739
 52.000000 16408.696047
 53.000000 16408.697554
 54.000000 16408.696174
 55.000000 16408.693697
 56.000000 16408.693045
 57.000000 16408.697144
 58.000000 16408.693433
 59.000000 16408.691580
 60.000000 16408.694745
 61.000000 16408.693270
 62.000000 16408.697645
 63.000000 16408.696099
 64.000000 16408.696292
 65.000000 16408.696916
 66.000000 16408.701727
 67.000000 16408.696886
 68.000000 16408.697014
 69.000000 16408.696459
 70.000000 16408.698440
 71.000000 16408.688475
 72.000000 16408.698485
 73.000000 16408.698124
 74.000000 16408.699673
 75.000000 16408.696639
 76.000000 16408.700888
 77.000000 16408.695828
 78.000000 16408.697366
 79.000000 16408.693215
 80.000000 16408.700074
 81.000000 16408.698499
 82.000000 16408.696515
 83.000000 16408.698724
 84.000000 16408.698259
 85.000000 16408.698479
 86.000000 16408.700597
 87.000000 16408.702473
 88.000000 16408.699416
 89.000000 16408.704824
 90.000000 16408.709115
 91.000000 16408.702632
 92.000000 16408.707076
 93.000000 16408.705851
 94.000000 16408.705338
 95.000000 16408.699991
 96.000000 16408.700361
 97.000000 16408.702868
 98.000000 16408.699071
 99.000000 16408.703747
 100.000000 16408.701794
 101.000000 16408.699716
 102.000000 16408.707639
 103.000000 16408.702665
 104.000000 16408.693291
 105.000000 16408.701497
 106.000000 16408.699404
 107.000000 16408.700573
 108.000000 16408.701942
 109.000000 16408.705616
 110.000000 16408.704525
 111.000000 16408.705614
 112.000000 16408.710662
 113.000000 16408.702795
 114.000000 16408.698225
 115.000000 16408.702228
 116.000000 16408.706230
 117.000000 16408.700194
 118.000000 16408.704524
 119.000000 16408.702527
 120.000000 16408.707184
 121.000000 16408.709433
 122.000000 16408.700185
 123.000000 16408.703499
 124.000000 16408.703243
 125.000000 16408.705614
 126.000000 16408.705924
 127.000000 16408.703535
 128.000000 16408.705585
 129.000000 16408.705707
 130.000000 16408.698419
 131.000000 16408.697685
 132.000000 16408.703612
 133.000000 16408.702796
 134.000000 16408.701419
 135.000000 16408.704381
 136.000000 16408.704734
 137.000000 16408.706242
 138.000000 16408.701106
 139.000000 16408.705077
 140.000000 16408.702466
 141.000000 16408.701683
 142.000000 16408.698528
 143.000000 16408.704722
 144.000000 16408.698488
 145.000000 16408.702180
 146.000000 16408.701171
 147.000000 16408.704177
 148.000000 16408.699967
 149.000000 16408.704079
 150.000000 16408.703384
 151.000000 16408.704005
 152.000000 16408.699829
 153.000000 16408.702832
 154.000000 16408.701729
 155.000000 16408.705799
 156.000000 16408.709728
 157.000000 16408.706878
 158.000000 16408.710481
 159.000000 16408.706986
 160.000000 16408.703261
 161.000000 16408.706989
 162.000000 16408.705219
 163.000000 16408.705742
 164.000000 16408.704132
 165.000000 16408.700238
 166.000000 16408.706473
 167.000000 16408.699939
 168.000000 16408.703098
 169.000000 16408.702880
 170.000000 16408.697357
 171.000000 16408.700124
 172.000000 16408.696248
 173.000000 16408.701340
 174.000000 16408.701160
 175.000000 16408.706605
 176.000000 16408.701084
 177.000000 16408.706469
 178.000000 16408.704870
 179.000000 16408.695463
 180.000000 16408.696971
 181.000000 16408.703274
 182.000000 16408.703341
 183.000000 16408.702890
 184.000000 16408.699764
 185.000000 16408.707442
 186.000000 16408.703148
 187.000000 16408.707154
 188.000000 16408.708087
 189.000000 16408.708740
 190.000000 16408.706239
 191.000000 16408.706636
 192.000000 16408.702858
 193.000000 16408.708508
 194.000000 16408.705850
 195.000000 16408.705780
 196.000000 16408.701229
 197.000000 16408.707671
 198.000000 16408.715344
 199.000000 16408.707581
 200.000000 16408.719278
 201.000000 16408.708874
 202.000000 16408.705951
 203.000000 16408.711291
 204.000000 16408.709686
 205.000000 16408.709960
 206.000000 16408.709650
 207.000000 16408.715385
 208.000000 16408.711642
 209.000000 16408.712358
 210.000000 16408.713871
 211.000000 16408.715730
 212.000000 16408.710640
 213.000000 16408.711313
 214.000000 16408.708194
 215.000000 16408.707840
 216.000000 16408.713270
 217.000000 16408.715266
 218.000000 16408.715192
 219.000000 16408.708651
 220.000000 16408.707159
 221.000000 16408.705068
 222.000000 16408.708206
 223.000000 16408.703736
 224.000000 16408.706375
 225.000000 16408.708983
 226.000000 16408.710096
 227.000000 16408.705978
 228.000000 16408.707913
 229.000000 16408.706037
 230.000000 16408.710150
 231.000000 16408.702805
 232.000000 16408.704383
 233.000000 16408.703881
 234.000000 16408.704843
 235.000000 16408.702193
 236.000000 16408.699339
 237.000000 16408.706015
 238.000000 16408.709782
 239.000000 16408.706873
 240.000000 16408.710663
 241.000000 16408.705096
 242.000000 16408.708265
 243.000000 16408.711679
 244.000000 16408.707645
 245.000000 16408.711819
 246.000000 16408.708004
 247.000000 16408.714008
 248.000000 16408.713353
 249.000000 16408.719504
 250.000000 16408.719407
 251.000000 16408.708125
 252.000000 16408.707499
 253.000000 16408.715097
 254.000000 16408.711070
 255.000000 16408.710624
 256.000000 16408.718156
 257.000000 16408.713023
 258.000000 16408.718041
 259.000000 16408.712784
 260.000000 16408.717670
 261.000000 16408.716347
 262.000000 16408.708206
 263.000000 16408.711928
 264.000000 16408.707003
 265.000000 16408.705355
 266.000000 16408.710521
 267.000000 16408.709364
 268.000000 16408.712281
 269.000000 16408.710185
 270.000000 16408.707938
 271.000000 16408.713589
 272.000000 16408.708398
 273.000000 16408.710242
 274.000000 16408.709601
 275.000000 16408.709159
 276.000000 16408.715623
 277.000000 16408.711064
 278.000000 16408.711521
 279.000000 16408.717542
 280.000000 16408.714252
 281.000000 16408.711726
 282.000000 16408.717859
 283.000000 16408.713113
 284.000000 16408.713064
 285.000000 16408.711919
 286.000000 16408.712955
 287.000000 16408.714942
 288.000000 16408.710195
 289.000000 16408.710500
 290.000000 16408.717424
 291.000000 16408.711587
 292.000000 16408.710420
 293.000000 16408.705351
 294.000000 16408.704283
 295.000000 16408.708477
 296.000000 16408.719163
 297.000000 16408.717626
 298.000000 16408.717400
 299.000000 16408.722190
 300.000000 16408.719718
 301.000000 16408.717410
 302.000000 16408.717766
 303.000000 16408.717953
 304.000000 16408.719041
 305.000000 16408.722165
 306.000000 16408.717122
 307.000000 16408.716204
 308.000000 16408.707361
 309.000000 16408.710966
 310.000000 16408.707260
 311.000000 16408.716314
 312.000000 16408.713170
 313.000000 16408.706061
 314.000000 16408.714741
 315.000000 16408.707303
 316.000000 16408.715996
 317.000000 16408.705145
 318.000000 16408.712179
 319.000000 16408.706453
 320.000000 16408.712802
 321.000000 16408.707542
 322.000000 16408.711195
 323.000000 16408.704783
 324.000000 16408.707360
 325.000000 16408.706135
 326.000000 16408.707790
 327.000000 16408.704686
 328.000000 16408.709485
 329.000000 16408.709860
 330.000000 16408.707909
 331.000000 16408.705819
 332.000000 16408.714036
 333.000000 16408.712944
 334.000000 16408.708691
 335.000000 16408.716770
 336.000000 16408.711641
 337.000000 16408.714832
 338.000000 16408.709531
 339.000000 16408.713315
 340.000000 16408.711612
 341.000000 16408.713484
 342.000000 16408.715129
 343.000000 16408.712861
 344.000000 16408.717547
 345.000000 16408.715340
 346.000000 16408.714983
 347.000000 16408.716500
 348.000000 16408.712986
 349.000000 16408.712052
 350.000000 16408.711937
 351.000000 16408.713624
 352.000000 16408.718566
 353.000000 16408.717097
 354.000000 16408.716448
 355.000000 16408.721710
 356.000000 16408.716214
 357.000000 16408.709098
 358.000000 16408.717810
 359.000000 16408.717478
 360.000000 16408.716252
 361.000000 16408.718360
 362.000000 16408.716675
 363.000000 16408.718771
 364.000000 16408.716844
 365.000000 16408.712566
 366.000000 16408.715275
 367.000000 16408.710854
 368.000000 16408.714704
 369.000000 16408.714136
 370.000000 16408.710639
 371.000000 16408.713337
 372.000000 16408.712112
 373.000000 16408.714028
 374.000000 16408.713091
 375.000000 16408.716160
 376.000000 16408.714958
 377.000000 16408.715440
 378.000000 16408.720573
 379.000000 16408.713717
 380.000000 16408.718453
 381.000000 16408.713023
 382.000000 16408.719154
 383.000000 16408.717825
 384.000000 16408.719071
 385.000000 16408.712572
 386.000000 16408.718086
 387.000000 16408.720136
 388.000000 16408.718974
 389.000000 16408.713754
 390.000000 16408.714036
 391.000000 16408.713299
 392.000000 16408.721114
 393.000000 16408.721384
 394.000000 16408.716425
 395.000000 16408.723829
 396.000000 16408.725112
 397.000000 16408.715735
 398.000000 16408.715664
 399.000000 16408.717225
 400.000000 16408.717673
 401.000000 16408.712064
 402.000000 16408.718955
 403.000000 16408.709830
 404.000000 16408.717045
 405.000000 16408.714375
 406.000000 16408.715762
 407.000000 16408.715649
 408.000000 16408.712949
 409.000000 16408.718590
 410.000000 16408.719580
 411.000000 16408.716977
 412.000000 16408.717434
 413.000000 16408.717049
 414.000000 16408.716712
 415.000000 16408.717413
 416.000000 16408.717093
 417.000000 16408.711435
 418.000000 16408.716865
 419.000000 16408.719277
 420.000000 16408.713542
 421.000000 16408.718800
 422.000000 16408.714207
 423.000000 16408.716195
 424.000000 16408.717890
 425.000000 16408.714135
 426.000000 16408.717735
 427.000000 16408.717378
 428.000000 16408.719398
 429.000000 16408.716715
 430.000000 16408.722422
 431.000000 16408.714501
 432.000000 16408.713811
 433.000000 16408.720195
 434.000000 16408.716891
 435.000000 16408.716504
 436.000000 16408.721247
 437.000000 16408.723072
 438.000000 16408.720373
 439.000000 16408.718820
 440.000000 16408.716626
 441.000000 16408.720500
 442.000000 16408.716633
 443.000000 16408.720377
 444.000000 16408.720363
 445.000000 16408.720553
 446.000000 16408.719291
 447.000000 16408.716429
 448.000000 16408.718038
 449.000000 16408.713180
 450.000000 16408.712189
 451.000000 16408.719682
 452.000000 16408.716097
 453.000000 16408.717488
 454.000000 16408.710871
 455.000000 16408.715706
 456.000000 16408.715605
 457.000000 16408.709004
 458.000000 16408.719637
 459.000000 16408.714660
 460.000000 16408.712170
 461.000000 16408.716872
 462.000000 16408.718250
 463.000000 16408.720013
 464.000000 16408.717235
 465.000000 16408.716598
 466.000000 16408.721721
 467.000000 16408.717904
 468.000000 16408.717132
 469.000000 16408.714091
 470.000000 16408.712221
 471.000000 16408.710654
 472.000000 16408.714523
 473.000000 16408.704791
 474.000000 16408.712857
 475.000000 16408.712948
 476.000000 16408.716963
 477.000000 16408.711126
 478.000000 16408.710844
 479.000000 16408.717927
 480.000000 16408.718440
 481.000000 16408.717947
 482.000000 16408.716102
 483.000000 16408.709811
 484.000000 16408.711833
 485.000000 16408.717958
 486.000000 16408.720207
 487.000000 16408.714562
 488.000000 16408.718060
 489.000000 16408.719782
 490.000000 16408.713613
 491.000000 16408.716033
 492.000000 16408.715260
 493.000000 16408.715223
 494.000000 16408.721466
 495.000000 16408.719794
 496.000000 16408.714278
 497.000000 16408.711857
 498.000000 16408.713836
 499.000000 16408.714206
 500.000000 16408.708952
 501.000000 16408.709496
 502.000000 16408.714838
 503.000000 16408.717433
 504.000000 16408.713551
 505.000000 16408.721664
 506.000000 16408.715420
 507.000000 16408.716096
 508.000000 16408.713958
 509.000000 16408.711975
 510.000000 16408.713773
 511.000000 16408.711147
 512.000000 16408.715129
 513.000000 16408.713209
 514.000000 16408.715526
 515.000000 16408.712963
 516.000000 16408.713811
 517.000000 16408.718534
 518.000000 16408.715674
 519.000000 16408.712630
 520.000000 16408.713572
 521.000000 16408.716545
 522.000000 16408.712818
 523.000000 16408.713770
 524.000000 16408.721326
 525.000000 16408.713775
 526.000000 16408.717405
 527.000000 16408.713322
 528.000000 16408.718643
 529.000000 16408.715726
 530.000000 16408.714890
 531.000000 16408.714396
 532.000000 16408.714338
 533.000000 16408.718697
 534.000000 16408.712308
 535.000000 16408.719762
 536.000000 16408.715769
 537.000000 16408.714032
 538.000000 16408.715574
 539.000000 16408.719584
 540.000000 16408.716552
 541.000000 16408.716483
 542.000000 16408.710964
 543.000000 16408.717590
 544.000000 16408.718025
 545.000000 16408.716743
 546.000000 16408.713562
 547.000000 16408.714132
 548.000000 16408.710272
 549.000000 16408.698340
 550.000000 16408.703467
 551.000000 16408.708102
 552.000000 16408.705685
 553.000000 16408.708551
 554.000000 16408.704004
 555.000000 16408.709092
 556.000000 16408.708705
 557.000000 16408.709732
 558.000000 16408.715477
 559.000000 16408.710985
 560.000000 16408.713096
 561.000000 16408.710200
 562.000000 16408.707700
 563.000000 16408.708935
 564.000000 16408.709717
 565.000000 16408.713550
 566.000000 16408.709655
 567.000000 16408.714471
 568.000000 16408.714982
 569.000000 16408.714188
 570.000000 16408.709845
 571.000000 16408.709824
 572.000000 16408.711456
 573.000000 16408.712430
 574.000000 16408.711914
 575.000000 16408.710686
 576.000000 16408.712545
 577.000000 16408.707818
 578.000000 16408.710387
 579.000000 16408.709853
 580.000000 16408.709114
 581.000000 16408.715889
 582.000000 16408.711689
 583.000000 16408.711110
 584.000000 16408.709022
 585.000000 16408.710073
 586.000000 16408.709130
 587.000000 16408.710254
 588.000000 16408.707811
 589.000000 16408.715068
 590.000000 16408.715714
 591.000000 16408.714233
 592.000000 16408.713928
 593.000000 16408.706860
 594.000000 16408.712206
 595.000000 16408.710690
 596.000000 16408.706630
 597.000000 16408.713694
 598.000000 16408.712872
 599.000000 16408.709470
 600.000000 16408.713266
 601.000000 16408.715443
 602.000000 16408.713596
 603.000000 16408.712008
 604.000000 16408.710332
 605.000000 16408.710833
 606.000000 16408.706408
 607.000000 16408.712430
 608.000000 16408.709215
 609.000000 16408.704167
 610.000000 16408.704433
 611.000000 16408.709571
 612.000000 16408.711287
 613.000000 16408.710039
 614.000000 16408.703237
 615.000000 16408.708495
 616.000000 16408.709803
 617.000000 16408.706262
 618.000000 16408.708771
 619.000000 16408.711128
 620.000000 16408.709241
 621.000000 16408.712134
 622.000000 16408.707665
 623.000000 16408.708163
 624.000000 16408.707297
 625.000000 16408.707308
 626.000000 16408.707985
 627.000000 16408.713381
 628.000000 16408.707441
 629.000000 16408.708065
 630.000000 16408.708619
 631.000000 16408.714774
 632.000000 16408.709904
 633.000000 16408.709332
 634.000000 16408.707099
 635.000000 16408.713484
 636.000000 16408.706847
 637.000000 16408.706830
 638.000000 16408.709801
 639.000000 16408.714656
 640.000000 16408.717518
 641.000000 16408.710487
 642.000000 16408.708964
 643.000000 16408.708155
 644.000000 16408.714605
 645.000000 16408.708314
 646.000000 16408.711807
 647.000000 16408.706687
 648.000000 16408.705748
 649.000000 16408.704131
 650.000000 16408.707953
 651.000000 16408.715049
 652.000000 16408.713105
 653.000000 16408.710635
 654.000000 16408.710101
 655.000000 16408.710477
 656.000000 16408.705734
 657.000000 16408.704900
 658.000000 16408.711300
 659.000000 16408.710940
 660.000000 16408.712301
 661.000000 16408.710882
 662.000000 16408.710892
 663.000000 16408.713944
 664.000000 16408.708529
 665.000000 16408.704971
 666.000000 16408.706288
 667.000000 16408.710897
 668.000000 16408.706618
 669.000000 16408.706401
 670.000000 16408.711654
 671.000000 16408.710848
 672.000000 16408.712969
 673.000000 16408.712484
 674.000000 16408.706733
 675.000000 16408.702011
 676.000000 16408.704355
 677.000000 16408.704456
 678.000000 16408.712116
 679.000000 16408.709700
 680.000000 16408.708986
 681.000000 16408.706109
 682.000000 16408.703568
 683.000000 16408.712861
 684.000000 16408.711687
 685.000000 16408.713111
 686.000000 16408.712211
 687.000000 16408.713505
 688.000000 16408.707951
 689.000000 16408.712067
 690.000000 16408.708076
 691.000000 16408.708307
 692.000000 16408.708570
 693.000000 16408.707106
 694.000000 16408.712220
 695.000000 16408.712158
 696.000000 16408.714391
 697.000000 16408.710092
 698.000000 16408.708227
 699.000000 16408.708522
 700.000000 16408.706467
 701.000000 16408.705211
 702.000000 16408.710678
 703.000000 16408.710312
 704.000000 16408.706660
 705.000000 16408.706743
 706.000000 16408.709534
 707.000000 16408.708690
 708.000000 16408.709388
 709.000000 16408.709032
 710.000000 16408.708625
 711.000000 16408.703803
 712.000000 16408.709993
 713.000000 16408.706561
 714.000000 16408.708659
 715.000000 16408.706023
 716.000000 16408.709683
 717.000000 16408.706568
 718.000000 16408.703747
 719.000000 16408.706868
 720.000000 16408.708971
 721.000000 16408.715356
 722.000000 16408.707115
 723.000000 16408.714309
 724.000000 16408.714368
 725.000000 16408.705701
 726.000000 16408.707593
 727.000000 16408.714787
 728.000000 16408.711447
 729.000000 16408.714883
 730.000000 16408.713139
 731.000000 16408.710118
 732.000000 16408.711194
 733.000000 16408.710882
 734.000000 16408.712831
 735.000000 16408.716450
 736.000000 16408.712931
 737.000000 16408.715589
 738.000000 16408.715677
 739.000000 16408.715509
 740.000000 16408.715225
 741.000000 16408.718810
 742.000000 16408.717994
 743.000000 16408.717287
 744.000000 16408.717119
 745.000000 16408.715385
 746.000000 16408.713478
 747.000000 16408.717322
 748.000000 16408.712236
 749.000000 16408.713680
 750.000000 16408.716671
 751.000000 16408.707508
 752.000000 16408.710765
 753.000000 16408.710916
 754.000000 16408.710756
 755.000000 16408.713402
 756.000000 16408.713588
 757.000000 16408.712107
 758.000000 16408.714784
 759.000000 16408.716331
 760.000000 16408.717085
 761.000000 16408.713024
 762.000000 16408.712053
 763.000000 16408.719721
 764.000000 16408.714168
 765.000000 16408.712136
 766.000000 16408.716370
 767.000000 16408.709686
 768.000000 16408.711665
 769.000000 16408.715921
 770.000000 16408.712572
 771.000000 16408.716935
 772.000000 16408.715308
 773.000000 16408.708805
 774.000000 16408.711108
 775.000000 16408.712322
 776.000000 16408.712630
 777.000000 16408.709691
 778.000000 16408.711623
 779.000000 16408.710227
 780.000000 16408.711422
 781.000000 16408.710927
 782.000000 16408.705653
 783.000000 16408.706537
 784.000000 16408.709702
 785.000000 16408.703201
 786.000000 16408.706779
 787.000000 16408.710614
 788.000000 16408.709414
 789.000000 16408.712844
 790.000000 16408.708833
 791.000000 16408.711709
 792.000000 16408.706370
 793.000000 16408.705539
 794.000000 16408.711061
 795.000000 16408.705332
 796.000000 16408.711666
 797.000000 16408.703686
 798.000000 16408.706971
 799.000000 16408.705810
 800.000000 16408.709844
 801.000000 16408.712223
 802.000000 16408.709118
 803.000000 16408.711779
 804.000000 16408.709656
 805.000000 16408.707589
 806.000000 16408.708467
 807.000000 16408.711718
 808.000000 16408.710476
 809.000000 16408.715204
 810.000000 16408.703543
 811.000000 16408.704544
 812.000000 16408.709914
 813.000000 16408.707611
 814.000000 16408.703917
 815.000000 16408.709853
 816.000000 16408.712177
 817.000000 16408.713220
 818.000000 16408.710622
 819.000000 16408.707450
 820.000000 16408.705763
 821.000000 16408.711172
 822.000000 16408.706524
 823.000000 16408.716805
 824.000000 16408.710224
 825.000000 16408.716921
 826.000000 16408.707420
 827.000000 16408.707101
 828.000000 16408.705335
 829.000000 16408.708793
 830.000000 16408.704154
 831.000000 16408.699060
 832.000000 16408.705271
 833.000000 16408.707067
 834.000000 16408.705098
 835.000000 16408.704525
 836.000000 16408.702787
 837.000000 16408.707100
 838.000000 16408.705559
 839.000000 16408.706898
 840.000000 16408.708554
 841.000000 16408.708920
 842.000000 16408.700456
 843.000000 16408.712165
 844.000000 16408.714130
 845.000000 16408.708863
 846.000000 16408.703687
 847.000000 16408.705984
 848.000000 16408.705767
 849.000000 16408.711791
 850.000000 16408.710523
 851.000000 16408.710132
 852.000000 16408.708576
 853.000000 16408.711232
 854.000000 16408.712242
 855.000000 16408.711573
 856.000000 16408.706137
 857.000000 16408.708722
 858.000000 16408.706005
 859.000000 16408.702485
 860.000000 16408.706509
 861.000000 16408.709821
 862.000000 16408.711152
 863.000000 16408.713117
 864.000000 16408.712517
 865.000000 16408.706588
 866.000000 16408.712237
 867.000000 16408.707213
 868.000000 16408.714604
 869.000000 16408.713685
 870.000000 16408.711597
 871.000000 16408.712685
 872.000000 16408.709065
 873.000000 16408.712781
 874.000000 16408.709996
 875.000000 16408.712459
 876.000000 16408.705959
 877.000000 16408.710481
 878.000000 16408.705748
 879.000000 16408.700941
 880.000000 16408.705404
 881.000000 16408.703293
 882.000000 16408.702642
 883.000000 16408.706073
 884.000000 16408.709480
 885.000000 16408.703984
 886.000000 16408.705191
 887.000000 16408.703991
 888.000000 16408.698897
 889.000000 16408.707564
 890.000000 16408.701824
 891.000000 16408.706494
 892.000000 16408.699143
 893.000000 16408.697576
 894.000000 16408.699271
 895.000000 16408.703343
 896.000000 16408.706786
 897.000000 16408.694992
 898.000000 16408.710013
 899.000000 16408.703683
 900.000000 16408.706065
 901.000000 16408.701583
 902.000000 16408.709523
 903.000000 16408.706753
 904.000000 16408.699677
 905.000000 16408.707705
 906.000000 16408.700529
 907.000000 16408.705500
 908.000000 16408.711154
 909.000000 16408.706101
 910.000000 16408.705566
 911.000000 16408.707488
 912.000000 16408.705631
 913.000000 16408.702920
 914.000000 16408.705745
 915.000000 16408.704241
 916.000000 16408.699596
 917.000000 16408.693545
 918.000000 16408.688316
 919.000000 16408.695086
 920.000000 16408.691046
 921.000000 16408.690622
 922.000000 16408.695339
 923.000000 16408.692293
 924.000000 16408.701078
 925.000000 16408.697669
 926.000000 16408.696533
 927.000000 16408.690929
 928.000000 16408.695368
 929.000000 16408.698823
 930.000000 16408.693257
 931.000000 16408.700642
 932.000000 16408.699552
 933.000000 16408.700292
 934.000000 16408.698967
 935.000000 16408.692200
 936.000000 16408.699069
 937.000000 16408.692459
 938.000000 16408.692039
 939.000000 16408.697281
 940.000000 16408.697232
 941.000000 16408.699250
 942.000000 16408.696694
 943.000000 16408.695124
 944.000000 16408.697371
 945.000000 16408.700278
 946.000000 16408.696272
 947.000000 16408.692066
 948.000000 16408.689965
 949.000000 16408.691218
 950.000000 16408.694039
 951.000000 16408.695523
 952.000000 16408.696606
 953.000000 16408.700640
 954.000000 16408.692249
 955.000000 16408.697557
 956.000000 16408.689950
 957.000000 16408.695247
 958.000000 16408.699326
 959.000000 16408.694029
 960.000000 16408.696442
 961.000000 16408.699229
 962.000000 16408.695282
 963.000000 16408.697996
 964.000000 16408.695812
 965.000000 16408.702383
 966.000000 16408.697963
 967.000000 16408.695652
 968.000000 16408.695306
 969.000000 16408.692924
 970.000000 16408.698177
 971.000000 16408.692736
 972.000000 16408.700412
 973.000000 16408.690028
 974.000000 16408.688397
 975.000000 16408.690449
 976.000000 16408.691764
 977.000000 16408.693241
 978.000000 16408.700870
 979.000000 16408.696223
 980.000000 16408.691889
 981.000000 16408.694841
 982.000000 16408.696341
 983.000000 16408.695442
 984.000000 16408.697570
 985.000000 16408.694155
 986.000000 16408.694472
 987.000000 16408.691685
 988.000000 16408.699371
 989.000000 16408.697477
 990.000000 16408.691929
 991.000000 16408.704710
 992.000000 16408.695068
 993.000000 16408.696113
 994.000000 16408.701257
 995.000000 16408.697268
 996.000000 16408.695834
 997.000000 16408.692301
 998.000000 16408.693942
 999.000000 16408.693229
 1000.000000 16408.697829
 1001.000000 16408.692379
 1002.000000 16408.699211
 1003.000000 16408.698143
 1004.000000 16408.696343
 1005.000000 16408.686710
 1006.000000 16408.693889
 1007.000000 16408.694209
 1008.000000 16408.696012
 1009.000000 16408.703042
 1010.000000 16408.703350
 1011.000000 16408.698682
 1012.000000 16408.698083
 1013.000000 16408.698791
 1014.000000 16408.702251
 1015.000000 16408.701393
 1016.000000 16408.690880
 1017.000000 16408.704107
 1018.000000 16408.700922
 1019.000000 16408.706027
 1020.000000 16408.700971
 1021.000000 16408.695072
 1022.000000 16408.699857
 1023.000000 16408.698891
 1024.000000 16408.693370
 1025.000000 16408.691593
 1026.000000 16408.691366
 1027.000000 16408.703077
 1028.000000 16408.693957
 1029.000000 16408.699837
 1030.000000 16408.700972
 1031.000000 16408.702084
 1032.000000 16408.703196
 1033.000000 16408.699127
 1034.000000 16408.697432
 1035.000000 16408.698241
 1036.000000 16408.698786
 1037.000000 16408.700761
 1038.000000 16408.700958
 1039.000000 16408.693047
 1040.000000 16408.693781
 1041.000000 16408.700285
 1042.000000 16408.696032
 1043.000000 16408.692930
 1044.000000 16408.692779
 1045.000000 16408.689461
 1046.000000 16408.691385
 1047.000000 16408.689673
 1048.000000 16408.685448
 1049.000000 16408.690985
 1050.000000 16408.694895
 1051.000000 16408.702619
 1052.000000 16408.695821
 1053.000000 16408.699593
 1054.000000 16408.701319
 1055.000000 16408.693099
 1056.000000 16408.700148
 1057.000000 16408.694268
 1058.000000 16408.701202
 1059.000000 16408.702766
 1060.000000 16408.695270
 1061.000000 16408.693002
 1062.000000 16408.687525
 1063.000000 16408.690705
 1064.000000 16408.697237
 1065.000000 16408.694295
 1066.000000 16408.703719
 1067.000000 16408.696720
 1068.000000 16408.697965
 1069.000000 16408.693671
 1070.000000 16408.691276
 1071.000000 16408.691849
 1072.000000 16408.689220
 1073.000000 16408.693458
 1074.000000 16408.693129
 1075.000000 16408.703089
 1076.000000 16408.690768
 1077.000000 16408.695510
 1078.000000 16408.692819
 1079.000000 16408.698378
 1080.000000 16408.695037
 1081.000000 16408.690381
 1082.000000 16408.685417
 1083.000000 16408.687358
 1084.000000 16408.692847
 1085.000000 16408.692515
 1086.000000 16408.692691
 1087.000000 16408.697347
 1088.000000 16408.693427
 1089.000000 16408.696077
 1090.000000 16408.694129
 1091.000000 16408.700629
 1092.000000 16408.700504
 1093.000000 16408.693343
 1094.000000 16408.687487
 1095.000000 16408.697377
 1096.000000 16408.698615
 1097.000000 16408.692764
 1098.000000 16408.703533
 1099.000000 16408.714836
 1100.000000 16408.713807
 1101.000000 16408.712120
 1102.000000 16408.713315
 1103.000000 16408.712546
 1104.000000 16408.708902
 1105.000000 16408.698686
 1106.000000 16408.699790
 1107.000000 16408.696767
 1108.000000 16408.701188
 1109.000000 16408.708818
 1110.000000 16408.706327
 1111.000000 16408.711550
 1112.000000 16408.714719
 1113.000000 16408.714334
 1114.000000 16408.709770
 1115.000000 16408.708304
 1116.000000 16408.715982
 1117.000000 16408.712443
 1118.000000 16408.706639
 1119.000000 16408.712041
 1120.000000 16408.713263
 1121.000000 16408.708998
 1122.000000 16408.713124
 1123.000000 16408.710807
 1124.000000 16408.711286
 1125.000000 16408.711558
 1126.000000 16408.714495
 1127.000000 16408.710243
 1128.000000 16408.712100
 1129.000000 16408.705107
 1130.000000 16408.704242
 1131.000000 16408.712698
 1132.000000 16408.710183
 1133.000000 16408.711308
 1134.000000 16408.708820
 1135.000000 16408.713131
 1136.000000 16408.710356
 1137.000000 16408.718040
 1138.000000 16408.720590
 1139.000000 16408.719538
 1140.000000 16408.714613
 1141.000000 16408.715632
 1142.000000 16408.718656
 1143.000000 16408.717920
 1144.000000 16408.719239
 1145.000000 16408.721497
 1146.000000 16408.715021
 1147.000000 16408.717697
 1148.000000 16408.718927
 1149.000000 16408.716079
 1150.000000 16408.717528
 1151.000000 16408.714340
 1152.000000 16408.718175
 1153.000000 16408.715782
 1154.000000 16408.714070
 1155.000000 16408.715626
 1156.000000 16408.715745
 1157.000000 16408.721354
 1158.000000 16408.717048
 1159.000000 16408.707606
 1160.000000 16408.717154
 1161.000000 16408.714063
 1162.000000 16408.718575
 1163.000000 16408.714363
 1164.000000 16408.711970
 1165.000000 16408.718379
 1166.000000 16408.716103
 1167.000000 16408.713714
 1168.000000 16408.713766
 1169.000000 16408.713969
 1170.000000 16408.715101
 1171.000000 16408.714664
 1172.000000 16408.715440
 1173.000000 16408.711956
 1174.000000 16408.714688
 1175.000000 16408.712971
 1176.000000 16408.719204
 1177.000000 16408.709358
 1178.000000 16408.712317
 1179.000000 16408.714613
 1180.000000 16408.709682
 1181.000000 16408.714734
 1182.000000 16408.711651
 1183.000000 16408.716340
 1184.000000 16408.716887
 1185.000000 16408.713766
 1186.000000 16408.718648
 1187.000000 16408.713813
 1188.000000 16408.712590
 1189.000000 16408.715374
 1190.000000 16408.710320
 1191.000000 16408.712509
 1192.000000 16408.707561
 1193.000000 16408.711652
 1194.000000 16408.716521
 1195.000000 16408.713657
 1196.000000 16408.715522
 1197.000000 16408.715305
 1198.000000 16408.715352
 1199.000000 16408.715486
 1200.000000 16408.712405
 1201.000000 16408.717661
 1202.000000 16408.714164
 1203.000000 16408.714735
 1204.000000 16408.714518
 1205.000000 16408.712309
 1206.000000 16408.711717
 1207.000000 16408.712637
 1208.000000 16408.715413
 1209.000000 16408.710673
 1210.000000 16408.715205
 1211.000000 16408.713594
 1212.000000 16408.724126
 1213.000000 16408.713211
 1214.000000 16408.713300
 1215.000000 16408.712918
 1216.000000 16408.711869
 1217.000000 16408.710225
 1218.000000 16408.713875
 1219.000000 16408.707501
 1220.000000 16408.713294
 1221.000000 16408.710626
 1222.000000 16408.714598
 1223.000000 16408.716735
 1224.000000 16408.711885
 1225.000000 16408.712410
 1226.000000 16408.716049
 1227.000000 16408.712269
 1228.000000 16408.707892
 1229.000000 16408.713132
 1230.000000 16408.709633
 1231.000000 16408.711614
 1232.000000 16408.714312
 1233.000000 16408.708141
 1234.000000 16408.707870
 1235.000000 16408.714064
 1236.000000 16408.715018
 1237.000000 16408.715396
 1238.000000 16408.708955
 1239.000000 16408.710941
 1240.000000 16408.709712
 1241.000000 16408.708457
 1242.000000 16408.708093
 1243.000000 16408.716471
 1244.000000 16408.712654
 1245.000000 16408.714997
 1246.000000 16408.711516
 1247.000000 16408.717441
 1248.000000 16408.710622
 1249.000000 16408.715987
 1250.000000 16408.714947
 1251.000000 16408.715930
 1252.000000 16408.716123
 1253.000000 16408.714561
 1254.000000 16408.716611
 1255.000000 16408.718744
 1256.000000 16408.709797
 1257.000000 16408.708893
 1258.000000 16408.706882
 1259.000000 16408.716776
 1260.000000 16408.707128
 1261.000000 16408.711528
 1262.000000 16408.712776
 1263.000000 16408.710253
 1264.000000 16408.712485
 1265.000000 16408.710948
 1266.000000 16408.715602
 1267.000000 16408.711593
 1268.000000 16408.710353
 1269.000000 16408.711320
 1270.000000 16408.709269
 1271.000000 16408.716268
 1272.000000 16408.715996
 1273.000000 16408.715112
 1274.000000 16408.715225
 1275.000000 16408.715988
 1276.000000 16408.709943
 1277.000000 16408.711071
 1278.000000 16408.716758
 1279.000000 16408.715879
 1280.000000 16408.709177
 1281.000000 16408.716283
 1282.000000 16408.717150
 1283.000000 16408.714569
 1284.000000 16408.714733
 1285.000000 16408.715118
 1286.000000 16408.714957
 1287.000000 16408.714555
 1288.000000 16408.712187
 1289.000000 16408.708885
 1290.000000 16408.712995
 1291.000000 16408.717477
 1292.000000 16408.711579
 1293.000000 16408.709881
 1294.000000 16408.718919
 1295.000000 16408.715778
 1296.000000 16408.711201
 1297.000000 16408.711985
 1298.000000 16408.718512
 1299.000000 16408.711794
 1300.000000 16408.710679
 1301.000000 16408.715894
 1302.000000 16408.711566
 1303.000000 16408.707045
 1304.000000 16408.704896
 1305.000000 16408.710882
 1306.000000 16408.716124
 1307.000000 16408.716295
 1308.000000 16408.710597
 1309.000000 16408.712959
 1310.000000 16408.716134
 1311.000000 16408.715073
 1312.000000 16408.711366
 1313.000000 16408.711853
 1314.000000 16408.710502
 1315.000000 16408.711634
 1316.000000 16408.716561
 1317.000000 16408.710502
 1318.000000 16408.714562
 1319.000000 16408.708449
 1320.000000 16408.713239
 1321.000000 16408.709780
 1322.000000 16408.718053
 1323.000000 16408.718565
 1324.000000 16408.713297
 1325.000000 16408.716090
 1326.000000 16408.715849
 1327.000000 16408.716850
 1328.000000 16408.717882
 1329.000000 16408.713162
 1330.000000 16408.715175
 1331.000000 16408.714963
 1332.000000 16408.717070
 1333.000000 16408.715703
 1334.000000 16408.719025
 1335.000000 16408.717434
 1336.000000 16408.719015
 1337.000000 16408.718473
 1338.000000 16408.715123
 1339.000000 16408.714486
 1340.000000 16408.715865
 1341.000000 16408.719048
 1342.000000 16408.714300
 1343.000000 16408.712507
 1344.000000 16408.712685
 1345.000000 16408.713079
 1346.000000 16408.715044
 1347.000000 16408.712234
 1348.000000 16408.713010
 1349.000000 16408.720736
 1350.000000 16408.715593
 1351.000000 16408.717687
 1352.000000 16408.718570
 1353.000000 16408.715534
 1354.000000 16408.716681
 1355.000000 16408.722588
 1356.000000 16408.714354
 1357.000000 16408.719407
 1358.000000 16408.718871
 1359.000000 16408.717200
 1360.000000 16408.715166
 1361.000000 16408.719797
 1362.000000 16408.719376
 1363.000000 16408.717177
 1364.000000 16408.714731
 1365.000000 16408.715243
 1366.000000 16408.719631
 1367.000000 16408.715086
 1368.000000 16408.714360
 1369.000000 16408.714620
 1370.000000 16408.720691
 1371.000000 16408.715921
 1372.000000 16408.722060
 1373.000000 16408.713009
 1374.000000 16408.712767
 1375.000000 16408.715831
 1376.000000 16408.712641
 1377.000000 16408.716347
 1378.000000 16408.709632
 1379.000000 16408.709534
 1380.000000 16408.717903
 1381.000000 16408.712512
 1382.000000 16408.716303
 1383.000000 16408.719328
 1384.000000 16408.713910
 1385.000000 16408.719018
 1386.000000 16408.718643
 1387.000000 16408.718575
 1388.000000 16408.717703
 1389.000000 16408.719973
 1390.000000 16408.719476
 1391.000000 16408.723683
 1392.000000 16408.720282
 1393.000000 16408.722056
 1394.000000 16408.724932
 1395.000000 16408.723146
 1396.000000 16408.720010
 1397.000000 16408.720659
 1398.000000 16408.710806
 1399.000000 16408.713839
 1400.000000 16408.713735
 1401.000000 16408.711189
 1402.000000 16408.717854
 1403.000000 16408.717614
 1404.000000 16408.714626
 1405.000000 16408.712879
 1406.000000 16408.714198
 1407.000000 16408.710993
 1408.000000 16408.709205
 1409.000000 16408.711124
 1410.000000 16408.708277
 1411.000000 16408.713580
 1412.000000 16408.715070
 1413.000000 16408.711761
 1414.000000 16408.718085
 1415.000000 16408.710823
 1416.000000 16408.716025
 1417.000000 16408.712996
 1418.000000 16408.717423
 1419.000000 16408.717636
 1420.000000 16408.718388
 1421.000000 16408.717060
 1422.000000 16408.715143
 1423.000000 16408.714749
 1424.000000 16408.712549
 1425.000000 16408.714828
 1426.000000 16408.713701
 1427.000000 16408.716061
 1428.000000 16408.719940
 1429.000000 16408.721945
 1430.000000 16408.715043
 1431.000000 16408.716916
 1432.000000 16408.720760
 1433.000000 16408.721328
 1434.000000 16408.719805
 1435.000000 16408.711625
 1436.000000 16408.717788
 1437.000000 16408.721569
 1438.000000 16408.720893
 1439.000000 16408.720063
 1440.000000 16408.720759
 1441.000000 16408.721585
 1442.000000 16408.720322
 1443.000000 16408.714641
 1444.000000 16408.717018
 1445.000000 16408.716920
 1446.000000 16408.720224
 1447.000000 16408.716888
 1448.000000 16408.718175
 1449.000000 16408.721485
 1450.000000 16408.720083
 1451.000000 16408.719004
 1452.000000 16408.718011
 1453.000000 16408.720458
 1454.000000 16408.713744
 1455.000000 16408.721401
 1456.000000 16408.719932
 1457.000000 16408.719506
 1458.000000 16408.718492
 1459.000000 16408.720873
 1460.000000 16408.720548
 1461.000000 16408.716386
 1462.000000 16408.717347
 1463.000000 16408.719622
 1464.000000 16408.721874
 1465.000000 16408.720604
 1466.000000 16408.718350
 1467.000000 16408.714266
 1468.000000 16408.720241
 1469.000000 16408.715856
 1470.000000 16408.712117
 1471.000000 16408.711652
 1472.000000 16408.715941
 1473.000000 16408.716281
 1474.000000 16408.717930
 1475.000000 16408.717161
 1476.000000 16408.712647
 1477.000000 16408.720302
 1478.000000 16408.716606
 1479.000000 16408.715273
 1480.000000 16408.709328
 1481.000000 16408.716690
 1482.000000 16408.719090
 1483.000000 16408.712638
 1484.000000 16408.716095
 1485.000000 16408.714717
 1486.000000 16408.714326
 1487.000000 16408.719695
 1488.000000 16408.715763
 1489.000000 16408.720858
 1490.000000 16408.717291
 1491.000000 16408.715652
 1492.000000 16408.719077
 1493.000000 16408.709287
 1494.000000 16408.717468
 1495.000000 16408.705189
 1496.000000 16408.708119
 1497.000000 16408.717954
 1498.000000 16408.709658
 1499.000000 16408.712119
 1500.000000 16408.711877
 1501.000000 16408.714804
 1502.000000 16408.713960
 1503.000000 16408.717793
 1504.000000 16408.717022
 1505.000000 16408.715932
 1506.000000 16408.718266
 1507.000000 16408.711887
 1508.000000 16408.711504
 1509.000000 16408.717524
 1510.000000 16408.715638
 1511.000000 16408.717130
 1512.000000 16408.712918
 1513.000000 16408.717801
 1514.000000 16408.712563
 1515.000000 16408.710292
 1516.000000 16408.714027
 1517.000000 16408.714926
 1518.000000 16408.714157
 1519.000000 16408.712852
 1520.000000 16408.707812
 1521.000000 16408.712966
 1522.000000 16408.707892
 1523.000000 16408.705652
 1524.000000 16408.708445
 1525.000000 16408.712342
 1526.000000 16408.708628
 1527.000000 16408.716108
 1528.000000 16408.713655
 1529.000000 16408.715648
 1530.000000 16408.718126
 1531.000000 16408.715606
 1532.000000 16408.713932
 1533.000000 16408.718744
 1534.000000 16408.710607
 1535.000000 16408.713015
 1536.000000 16408.717268
 1537.000000 16408.716533
 1538.000000 16408.712243
 1539.000000 16408.717884
 1540.000000 16408.720174
 1541.000000 16408.721628
 1542.000000 16408.717564
 1543.000000 16408.715025
 1544.000000 16408.717357
 1545.000000 16408.720005
 1546.000000 16408.717661
 1547.000000 16408.713838
 1548.000000 16408.720362
 1549.000000 16408.718190
 1550.000000 16408.716181
 1551.000000 16408.715025
 1552.000000 16408.717486
 1553.000000 16408.718238
 1554.000000 16408.723136
 1555.000000 16408.716924
 1556.000000 16408.718061
 1557.000000 16408.721965
 1558.000000 16408.723726
 1559.000000 16408.717294
 1560.000000 16408.719794
 1561.000000 16408.714633
 1562.000000 16408.716392
 1563.000000 16408.715657
 1564.000000 16408.717910
 1565.000000 16408.723375
 1566.000000 16408.720941
 1567.000000 16408.721109
 1568.000000 16408.719832
 1569.000000 16408.716020
 1570.000000 16408.719962
 1571.000000 16408.720089
 1572.000000 16408.720600
 1573.000000 16408.714459
 1574.000000 16408.715501
 1575.000000 16408.720316
 1576.000000 16408.715655
 1577.000000 16408.722923
 1578.000000 16408.719580
 1579.000000 16408.721394
 1580.000000 16408.721743
 1581.000000 16408.719073
 1582.000000 16408.715501
 1583.000000 16408.717435
 1584.000000 16408.719376
 1585.000000 16408.715530
 1586.000000 16408.716040
 1587.000000 16408.718728
 1588.000000 16408.715540
 1589.000000 16408.708157
 1590.000000 16408.713129
 1591.000000 16408.710829
 1592.000000 16408.713952
 1593.000000 16408.714039
 1594.000000 16408.714981
 1595.000000 16408.716997
 1596.000000 16408.717061
 1597.000000 16408.717255
 1598.000000 16408.718746
 1599.000000 16408.718032
 1600.000000 16408.714040
 1601.000000 16408.718809
 1602.000000 16408.710331
 1603.000000 16408.708250
 1604.000000 16408.714553
 1605.000000 16408.707899
 1606.000000 16408.717521
 1607.000000 16408.713545
 1608.000000 16408.718150
 1609.000000 16408.717842
 1610.000000 16408.712549
 1611.000000 16408.709170
 1612.000000 16408.708031
 1613.000000 16408.714970
 1614.000000 16408.716378
 1615.000000 16408.714256
 1616.000000 16408.716518
 1617.000000 16408.717844
 1618.000000 16408.717017
 1619.000000 16408.715101
 1620.000000 16408.717924
 1621.000000 16408.708399
 1622.000000 16408.715326
 1623.000000 16408.712810
 1624.000000 16408.717567
 1625.000000 16408.719554
 1626.000000 16408.714063
 1627.000000 16408.710597
 1628.000000 16408.719128
 1629.000000 16408.723951
 1630.000000 16408.718639
 1631.000000 16408.718325
 1632.000000 16408.714099
 1633.000000 16408.713515
 1634.000000 16408.717305
 1635.000000 16408.719493
 1636.000000 16408.716677
 1637.000000 16408.715790
 1638.000000 16408.713215
 1639.000000 16408.711970
 1640.000000 16408.710973
 1641.000000 16408.714072
 1642.000000 16408.709990
 1643.000000 16408.712001
 1644.000000 16408.709993
 1645.000000 16408.711877
 1646.000000 16408.711982
 1647.000000 16408.708958
 1648.000000 16408.711800
 1649.000000 16408.713014
 1650.000000 16408.714739
 1651.000000 16408.708278
 1652.000000 16408.708893
 1653.000000 16408.706358
 1654.000000 16408.714195
 1655.000000 16408.711944
 1656.000000 16408.710101
 1657.000000 16408.710775
 1658.000000 16408.708412
 1659.000000 16408.707739
 1660.000000 16408.712799
 1661.000000 16408.705789
 1662.000000 16408.705048
 1663.000000 16408.702713
 1664.000000 16408.692918
 1665.000000 16408.693440
 1666.000000 16408.696355
 1667.000000 16408.704429
 1668.000000 16408.692840
 1669.000000 16408.692738
 1670.000000 16408.694722
 1671.000000 16408.696459
 1672.000000 16408.695890
 1673.000000 16408.692818
 1674.000000 16408.691806
 1675.000000 16408.696833
 1676.000000 16408.695616
 1677.000000 16408.699150
 1678.000000 16408.700365
 1679.000000 16408.688699
 1680.000000 16408.695540
 1681.000000 16408.695918
 1682.000000 16408.698943
 1683.000000 16408.697401
 1684.000000 16408.692405
 1685.000000 16408.690605
 1686.000000 16408.691535
 1687.000000 16408.697076
 1688.000000 16408.691996
 1689.000000 16408.700961
 1690.000000 16408.696198
 1691.000000 16408.694245
 1692.000000 16408.697258
 1693.000000 16408.698780
 1694.000000 16408.694656
 1695.000000 16408.695355
 1696.000000 16408.701471
 1697.000000 16408.698095
 1698.000000 16408.693364
 1699.000000 16408.696033
 1700.000000 16408.701074
 1701.000000 16408.693931
 1702.000000 16408.699837
 1703.000000 16408.692531
 1704.000000 16408.695714
 1705.000000 16408.698961
 1706.000000 16408.699120
 1707.000000 16408.696461
 1708.000000 16408.695884
 1709.000000 16408.695720
 1710.000000 16408.695284
 1711.000000 16408.686100
 1712.000000 16408.696601
 1713.000000 16408.692760
 1714.000000 16408.691181
 1715.000000 16408.696901
 1716.000000 16408.691642
 1717.000000 16408.700032
 1718.000000 16408.694032
 1719.000000 16408.688757
 1720.000000 16408.696259
 1721.000000 16408.693094
 1722.000000 16408.693169
 1723.000000 16408.697562
 1724.000000 16408.690765
 1725.000000 16408.698307
 1726.000000 16408.695516
 1727.000000 16408.701446
 1728.000000 16408.694475
 1729.000000 16408.697068
 1730.000000 16408.697679
 1731.000000 16408.701473
 1732.000000 16408.702472
 1733.000000 16408.696610
 1734.000000 16408.695082
 1735.000000 16408.698328
 1736.000000 16408.696599
 1737.000000 16408.697038
 1738.000000 16408.697185
 1739.000000 16408.699255
 1740.000000 16408.703630
 1741.000000 16408.699648
 1742.000000 16408.701545
 1743.000000 16408.696508
 1744.000000 16408.703073
 1745.000000 16408.704353
 1746.000000 16408.701962
 1747.000000 16408.700638
 1748.000000 16408.699875
 1749.000000 16408.699079
 1750.000000 16408.701015
 1751.000000 16408.696974
 1752.000000 16408.700409
 1753.000000 16408.694754
 1754.000000 16408.696583
 1755.000000 16408.698827
 1756.000000 16408.697983
 1757.000000 16408.695734
 1758.000000 16408.694342
 1759.000000 16408.696344
 1760.000000 16408.700236
 1761.000000 16408.702483
 1762.000000 16408.694452
 1763.000000 16408.696199
 1764.000000 16408.702471
 1765.000000 16408.694606
 1766.000000 16408.696059
 1767.000000 16408.695241
 1768.000000 16408.691852
 1769.000000 16408.694446
 1770.000000 16408.694685
 1771.000000 16408.697874
 1772.000000 16408.695424
 1773.000000 16408.696634
 1774.000000 16408.693062
 1775.000000 16408.691406
 1776.000000 16408.702350
 1777.000000 16408.693129
 1778.000000 16408.695822
 1779.000000 16408.692013
 1780.000000 16408.692324
 1781.000000 16408.692256
 1782.000000 16408.698254
 1783.000000 16408.696247
 1784.000000 16408.690711
 1785.000000 16408.690170
 1786.000000 16408.701511
 1787.000000 16408.694963
 1788.000000 16408.695336
 1789.000000 16408.701175
 1790.000000 16408.696804
 1791.000000 16408.697317
 1792.000000 16408.698572
 1793.000000 16408.698864
 1794.000000 16408.695453
 1795.000000 16408.695452
 1796.000000 16408.701797
 1797.000000 16408.694419
 1798.000000 16408.691127
 1799.000000 16408.698360
 1800.000000 16408.693488
 1801.000000 16408.695602
 1802.000000 16408.695454
 1803.000000 16408.693478
 1804.000000 16408.698535
 1805.000000 16408.693643
 1806.000000 16408.696004
 1807.000000 16408.697186
 1808.000000 16408.695603
 1809.000000 16408.701400
 1810.000000 16408.697235
 1811.000000 16408.688171
 1812.000000 16408.690211
 1813.000000 16408.693669
 1814.000000 16408.694369
 1815.000000 16408.694635
 1816.000000 16408.697788
 1817.000000 16408.700185
 1818.000000 16408.695284
 1819.000000 16408.694893
 1820.000000 16408.695837
 1821.000000 16408.691280
 1822.000000 16408.695680
 1823.000000 16408.693494
 1824.000000 16408.699240
 1825.000000 16408.697779
 1826.000000 16408.696054
 1827.000000 16408.696918
 1828.000000 16408.695051
 1829.000000 16408.695266
 1830.000000 16408.698726
 1831.000000 16408.694167
 1832.000000 16408.695719
 1833.000000 16408.697736
 1834.000000 16408.695010
 1835.000000 16408.695956
 1836.000000 16408.695550
 1837.000000 16408.694910
 1838.000000 16408.701385
 1839.000000 16408.692435
 1840.000000 16408.699373
 1841.000000 16408.697718
 1842.000000 16408.695262
 1843.000000 16408.700505
 1844.000000 16408.698451
 1845.000000 16408.695127
 1846.000000 16408.696278
 1847.000000 16408.690685
 1848.000000 16408.689193
 1849.000000 16408.694783
 1850.000000 16408.693309
 1851.000000 16408.694278
 1852.000000 16408.689787
 1853.000000 16408.693797
 1854.000000 16408.696164
 1855.000000 16408.693849
 1856.000000 16408.696280
 1857.000000 16408.686054
 1858.000000 16408.690679
 1859.000000 16408.694746
 1860.000000 16408.697382
 1861.000000 16408.690182
 1862.000000 16408.698325
 1863.000000 16408.695224
 1864.000000 16408.694344
 1865.000000 16408.693241
 1866.000000 16408.693991
 1867.000000 16408.691238
 1868.000000 16408.693172
 1869.000000 16408.695670
 1870.000000 16408.695077
 1871.000000 16408.689623
 1872.000000 16408.693022
 1873.000000 16408.695279
 1874.000000 16408.696759
 1875.000000 16408.700866
 1876.000000 16408.700173
 1877.000000 16408.701379
 1878.000000 16408.700600
 1879.000000 16408.703160
 1880.000000 16408.701740
 1881.000000 16408.700083
 1882.000000 16408.700974
 1883.000000 16408.696743
 1884.000000 16408.690645
 1885.000000 16408.696587
 1886.000000 16408.700949
 1887.000000 16408.699017
 1888.000000 16408.703731
 1889.000000 16408.695770
 1890.000000 16408.694459
 1891.000000 16408.693299
 1892.000000 16408.696504
 1893.000000 16408.695662
 1894.000000 16408.697046
 1895.000000 16408.701795
 1896.000000 16408.698606
 1897.000000 16408.690101
 1898.000000 16408.693702
 1899.000000 16408.688007
 1900.000000 16408.696772
 1901.000000 16408.691351
 1902.000000 16408.689928
 1903.000000 16408.691335
 1904.000000 16408.690810
 1905.000000 16408.693364
 1906.000000 16408.686581
 1907.000000 16408.685010
 1908.000000 16408.689227
 1909.000000 16408.684693
 1910.000000 16408.687217
 1911.000000 16408.686204
 1912.000000 16408.689833
 1913.000000 16408.695973
 1914.000000 16408.692903
 1915.000000 16408.693413
 1916.000000 16408.685357
 1917.000000 16408.693643
 1918.000000 16408.693201
 1919.000000 16408.694121
 1920.000000 16408.695300
 1921.000000 16408.698290
 1922.000000 16408.695642
 1923.000000 16408.694178
 1924.000000 16408.691466
 1925.000000 16408.696465
 1926.000000 16408.695840
 1927.000000 16408.694056
 1928.000000 16408.693427
 1929.000000 16408.695458
 1930.000000 16408.694681
 1931.000000 16408.686471
 1932.000000 16408.696298
 1933.000000 16408.700160
 1934.000000 16408.703011
 1935.000000 16408.691864
 1936.000000 16408.689609
 1937.000000 16408.698238
 1938.000000 16408.694523
 1939.000000 16408.696337
 1940.000000 16408.697600
 1941.000000 16408.698913
 1942.000000 16408.692456
 1943.000000 16408.694888
 1944.000000 16408.702854
 1945.000000 16408.697213
 1946.000000 16408.701373
 1947.000000 16408.704815
 1948.000000 16408.699225
 1949.000000 16408.697249
 1950.000000 16408.695582
 1951.000000 16408.694949
 1952.000000 16408.698418
 1953.000000 16408.701807
 1954.000000 16408.698961
 1955.000000 16408.700287
 1956.000000 16408.697815
 1957.000000 16408.693663
 1958.000000 16408.697724
 1959.000000 16408.702409
 1960.000000 16408.697434
 1961.000000 16408.697202
 1962.000000 16408.701600
 1963.000000 16408.698274
 1964.000000 16408.697479
 1965.000000 16408.700584
 1966.000000 16408.697376
 1967.000000 16408.700299
 1968.000000 16408.702305
 1969.000000 16408.700748
 1970.000000 16408.696099
 1971.000000 16408.702369
 1972.000000 16408.696664
 1973.000000 16408.701388
 1974.000000 16408.701782
 1975.000000 16408.693646
 1976.000000 16408.696300
 1977.000000 16408.697400
 1978.000000 16408.698003
 1979.000000 16408.702185
 1980.000000 16408.699996
 1981.000000 16408.698508
 1982.000000 16408.704446
 1983.000000 16408.699226
 1984.000000 16408.700193
 1985.000000 16408.698978
 1986.000000 16408.695270
 1987.000000 16408.697859
 1988.000000 16408.697338
 1989.000000 16408.692519
 1990.000000 16408.699363
 1991.000000 16408.702827
 1992.000000 16408.700671
 1993.000000 16408.700481
 1994.000000 16408.704013
 1995.000000 16408.701375
 1996.000000 16408.697879
 1997.000000 16408.702976
 1998.000000 16408.700219
 1999.000000 16408.700732
 2000.000000 16408.697079
 2001.000000 16408.695666
 2002.000000 16408.702585
 2003.000000 16408.705246
 2004.000000 16408.696532
 2005.000000 16408.698604
 2006.000000 16408.700750
 2007.000000 16408.697791
 2008.000000 16408.697958
 2009.000000 16408.701293
 2010.000000 16408.695582
 2011.000000 16408.691414
 2012.000000 16408.698420
 2013.000000 16408.692900
 2014.000000 16408.697044
 2015.000000 16408.694462
 2016.000000 16408.703032
 2017.000000 16408.702347
 2018.000000 16408.697983
 2019.000000 16408.697293
 2020.000000 16408.702987
 2021.000000 16408.697200
 2022.000000 16408.697091
 2023.000000 16408.701181
 2024.000000 16408.698075
 2025.000000 16408.699807
 2026.000000 16408.695512
 2027.000000 16408.708319
 2028.000000 16408.699291
 2029.000000 16408.701664
 2030.000000 16408.697009
 2031.000000 16408.703330
 2032.000000 16408.701905
 2033.000000 16408.700676
 2034.000000 16408.696288
 2035.000000 16408.697235
 2036.000000 16408.696560
 2037.000000 16408.699394
 2038.000000 16408.696048
 2039.000000 16408.702360
 2040.000000 16408.699069
 2041.000000 16408.704172
 2042.000000 16408.700864
 2043.000000 16408.692011
 2044.000000 16408.698220
 2045.000000 16408.700697
 2046.000000 16408.698294
 2047.000000 16408.702429
 2048.000000 16408.700620
 2049.000000 16408.703332
 2050.000000 16408.704539
 2051.000000 16408.707535
 2052.000000 16408.705663
 2053.000000 16408.703082
 2054.000000 16408.700806
 2055.000000 16408.706427
 2056.000000 16408.701300
 2057.000000 16408.702489
 2058.000000 16408.705831
 2059.000000 16408.703029
 2060.000000 16408.701310
 2061.000000 16408.703250
 2062.000000 16408.700521
 2063.000000 16408.699884
 2064.000000 16408.696612
 2065.000000 16408.703817
 2066.000000 16408.700189
 2067.000000 16408.699713
 2068.000000 16408.694883
 2069.000000 16408.696821
 2070.000000 16408.696628
 2071.000000 16408.703338
 2072.000000 16408.703165
 2073.000000 16408.699690
 2074.000000 16408.698426
 2075.000000 16408.702854
 2076.000000 16408.696682
 2077.000000 16408.700155
 2078.000000 16408.702296
 2079.000000 16408.693913
 2080.000000 16408.699822
 2081.000000 16408.695314
 2082.000000 16408.700665
 2083.000000 16408.696965
 2084.000000 16408.697632
 2085.000000 16408.694950
 2086.000000 16408.699305
 2087.000000 16408.696980
 2088.000000 16408.693733
 2089.000000 16408.703325
 2090.000000 16408.698709
 2091.000000 16408.698945
 2092.000000 16408.699130
 2093.000000 16408.694768
 2094.000000 16408.700579
 2095.000000 16408.699828
 2096.000000 16408.702567
 2097.000000 16408.696210
 2098.000000 16408.695223
 2099.000000 16408.696578
 2100.000000 16408.697406
 2101.000000 16408.695376
 2102.000000 16408.690923
 2103.000000 16408.695776
 2104.000000 16408.691156
 2105.000000 16408.697609
 2106.000000 16408.698164
 2107.000000 16408.701169
 2108.000000 16408.694435
 2109.000000 16408.697153
 2110.000000 16408.696640
 2111.000000 16408.697288
 2112.000000 16408.699001
 2113.000000 16408.700359
 2114.000000 16408.693816
 2115.000000 16408.699801
 2116.000000 16408.695277
 2117.000000 16408.697621
 2118.000000 16408.702539
 2119.000000 16408.695194
 2120.000000 16408.697815
 2121.000000 16408.698438
 2122.000000 16408.702759
 2123.000000 16408.698549
 2124.000000 16408.698658
 2125.000000 16408.704004
 2126.000000 16408.699610
 2127.000000 16408.691638
 2128.000000 16408.696172
 2129.000000 16408.695795
 2130.000000 16408.698277
 2131.000000 16408.706043
 2132.000000 16408.694518
 2133.000000 16408.697802
 2134.000000 16408.700370
 2135.000000 16408.699104
 2136.000000 16408.696561
 2137.000000 16408.695924
 2138.000000 16408.699209
 2139.000000 16408.704136
 2140.000000 16408.699285
 2141.000000 16408.696498
 2142.000000 16408.700500
 2143.000000 16408.698413
 2144.000000 16408.698631
 2145.000000 16408.699819
 2146.000000 16408.698088
 2147.000000 16408.699902
 2148.000000 16408.700107
 2149.000000 16408.694331
 2150.000000 16408.698450
 2151.000000 16408.702820
 2152.000000 16408.704210
 2153.000000 16408.702224
 2154.000000 16408.698735
 2155.000000 16408.702168
 2156.000000 16408.697248
 2157.000000 16408.698512
 2158.000000 16408.705645
 2159.000000 16408.698975
 2160.000000 16408.697415
 2161.000000 16408.696919
 2162.000000 16408.703403
 2163.000000 16408.692889
 2164.000000 16408.695707
 2165.000000 16408.695550
 2166.000000 16408.701216
 2167.000000 16408.696653
 2168.000000 16408.697649
 2169.000000 16408.698554
 2170.000000 16408.703985
 2171.000000 16408.694813
 2172.000000 16408.705250
 2173.000000 16408.699948
 2174.000000 16408.702558
 2175.000000 16408.703301
 2176.000000 16408.701552
 2177.000000 16408.698379
 2178.000000 16408.697276
 2179.000000 16408.699677
 2180.000000 16408.698580
 2181.000000 16408.696855
 2182.000000 16408.702739
 2183.000000 16408.701857
 2184.000000 16408.699060
 2185.000000 16408.703328
 2186.000000 16408.694504
 2187.000000 16408.701174
 2188.000000 16408.699617
 2189.000000 16408.702076
 2190.000000 16408.696028
 2191.000000 16408.703716
 2192.000000 16408.705161
 2193.000000 16408.697608
 2194.000000 16408.696772
 2195.000000 16408.705074
