#! FIELDS time emgrad
 0.000000 16322.843720
 10.000000 16322.838718
 20.000000 16322.845854
 30.000000 16322.831652
 40.000000 16322.840424
 50.000000 16322.845107
 60.000000 16322.834733
 70.000000 16322.846782
 80.000000 16322.839267
 90.000000 16322.847990
 100.000000 16322.849684
 110.000000 16322.842992
 120.000000 16322.837553
 130.000000 16322.838757
 140.000000 16322.851499
 150.000000 16322.854531
 160.000000 16322.850082
 170.000000 16322.835744
 180.000000 16322.835634
 190.000000 16322.834535
 200.000000 16322.845748
 210.000000 16322.842338
 220.000000 16322.849265
 230.000000 16322.847089
 240.000000 16322.841532
 250.000000 16322.846179
 260.000000 16322.858036
 270.000000 16322.853867
 280.000000 16322.853981
 290.000000 16322.854917
 300.000000 16322.853901
 310.000000 16322.844335
 320.000000 16322.848397
 330.000000 16322.851456
 340.000000 16322.850713
 350.000000 16322.867441
 360.000000 16322.853631
 370.000000 16322.850654
 380.000000 16322.858663
 390.000000 16322.863755
 400.000000 16322.865026
 410.000000 16322.858522
 420.000000 16322.851996
 430.000000 16322.854030
 440.000000 16322.853368
 450.000000 16322.852895
 460.000000 16322.863281
 470.000000 16322.871724
 480.000000 16322.861483
 490.000000 16322.848303
 500.000000 16322.829873
 510.000000 16322.852599
 520.000000 16322.842619
 530.000000 16322.845677
 540.000000 16322.849883
 550.000000 16322.848506
 560.000000 16322.858972
 570.000000 16322.861698
 580.000000 16322.857857
 590.000000 16322.858236
 600.000000 16322.852624
 610.000000 16322.857493
 620.000000 16322.854726
 630.000000 16322.862083
 640.000000 16322.849117
 650.000000 16322.857126
 660.000000 16322.852017
 670.000000 16322.851111
 680.000000 16322.862581
 690.000000 16322.849377
 700.000000 16322.863128
 710.000000 16322.861913
 720.000000 16322.846768
 730.000000 16322.850772
 740.000000 16322.853920
 750.000000 16322.852360
 760.000000 16322.858194
 770.000000 16322.849633
 780.000000 16322.858678
 790.000000 16322.854927
 800.000000 16322.845473
 810.000000 16322.872372
 820.000000 16322.865819
 830.000000 16322.864267
 840.000000 16322.853797
 850.000000 16322.841342
 860.000000 16322.856146
 870.000000 16322.863822
 880.000000 16322.847966
 890.000000 16322.851116
 900.000000 16322.864572
 910.000000 16322.835417
 920.000000 16322.857922
 930.000000 16322.844903
 940.000000 16322.838043
 950.000000 16322.849555
 960.000000 16322.846156
 970.000000 16322.844540
 980.000000 16322.857791
 990.000000 16322.840550
 1000.000000 16322.847946
 1010.000000 16322.849977
 1020.000000 16322.863585
 1030.000000 16322.871333
 1040.000000 16322.872343
 1050.000000 16322.848674
 1060.000000 16322.847240
 1070.000000 16322.850539
 1080.000000 16322.855638
 1090.000000 16322.837927
 1100.000000 16322.852104
 1110.000000 16322.858183
 1120.000000 16322.853028
 1130.000000 16322.855943
 1140.000000 16322.841163
 1150.000000 16322.844870
 1160.000000 16322.837208
 1170.000000 16322.841574
 1180.000000 16322.853988
 1190.000000 16322.852477
 1200.000000 16322.848820
 1210.000000 16322.849793
 1220.000000 16322.855836
 1230.000000 16322.854827
 1240.000000 16322.846884
 1250.000000 16322.856401
 1260.000000 16322.853134
 1270.000000 16322.857547
 1280.000000 16322.859134
 1290.000000 16322.854410
 1300.000000 16322.861003
 1310.000000 16322.862482
 1320.000000 16322.854731
 1330.000000 16322.855945
 1340.000000 16322.867546
 1350.000000 16322.869040
 1360.000000 16322.855754
 1370.000000 16322.871451
 1380.000000 16322.861565
 1390.000000 16322.867943
 1400.000000 16322.845681
 1410.000000 16322.874292
 1420.000000 16322.864702
 1430.000000 16322.866664
 1440.000000 16322.852094
 1450.000000 16322.855179
 1460.000000 16322.849357
 1470.000000 16322.857266
 1480.000000 16322.850960
 1490.000000 16322.862680
 1500.000000 16322.863972
 1510.000000 16322.863706
 1520.000000 16322.852479
 1530.000000 16322.859648
 1540.000000 16322.839049
 1550.000000 16322.852973
 1560.000000 16322.862342
 1570.000000 16322.856447
 1580.000000 16322.859171
 1590.000000 16322.858617
 1600.000000 16322.866379
 1610.000000 16322.870732
 1620.000000 16322.848217
 1630.000000 16322.860935
 1640.000000 16322.857830
 1650.000000 16322.848314
 1660.000000 16322.848741
 1670.000000 16322.836879
 1680.000000 16322.840176
 1690.000000 16322.848985
 1700.000000 16322.844172
 1710.000000 16322.837885
 1720.000000 16322.848266
 1730.000000 16322.840390
 1740.000000 16322.847058
 1750.000000 16322.841853
 1760.000000 16322.843382
 1770.000000 16322.846970
 1780.000000 16322.837454
 1790.000000 16322.836980
 1800.000000 16322.840256
 1810.000000 16322.857060
 1820.000000 16322.846488
 1830.000000 16322.846838
 1840.000000 16322.843160
 1850.000000 16322.854292
 1860.000000 16322.847541
 1870.000000 16322.843136
 1880.000000 16322.834557
 1890.000000 16322.835375
 1900.000000 16322.842866
 1910.000000 16322.846384
 1920.000000 16322.836362
 1930.000000 16322.830349
 1940.000000 16322.844659
 1950.000000 16322.832543
 1960.000000 16322.838956
 1970.000000 16322.838649
 1980.000000 16322.841668
 1990.000000 16322.831492
 2000.000000 16322.833136
 2010.000000 16322.842309
 2020.000000 16322.832142
 2030.000000 16322.832063
 2040.000000 16322.845551
 2050.000000 16322.841350
 2060.000000 16322.848141
 2070.000000 16322.836533
 2080.000000 16322.845776
 2090.000000 16322.845917
 2100.000000 16322.831601
 2110.000000 16322.833883
 2120.000000 16322.826981
 2130.000000 16322.824980
 2140.000000 16322.847584
 2150.000000 16322.841523
 2160.000000 16322.841176
 2170.000000 16322.842981
 2180.000000 16322.847647
 2190.000000 16322.839855
